1 1000 2252.351916503906 0.3181690049171448
2 2000 2201.847030029297 0.32561229705810546
3 3000 2188.132677001953 0.3195604395866394
4 4000 2191.208664550781 0.3212180495262146
5 5000 2177.625703125 0.32446966171264646
6 6000 2179.5853466796875 0.3223020267486572
7 7000 2164.569061279297 0.32234251976013184
8 8000 2165.496065673828 0.3252960157394409
9 9000 2167.881740722656 0.32575684309005737
10 10000 2140.3349816894533 0.3266699194908142
11 11000 2161.3638806152344 0.31943259477615354
12 12000 2140.583883056641 0.32270035743713377
13 13000 2155.05072265625 0.3273983120918274
14 14000 2145.370812988281 0.3263516402244568
15 15000 2145.1471362304687 0.3203081917762756
16 16000 2148.15078125 0.32610206842422484
17 17000 2151.6655212402343 0.3252172541618347
18 18000 2154.7629577636717 0.31823158264160156
19 19000 2137.7957153320312 0.31950815677642824
20 20000 2132.3142102050783 0.31905805587768554
21 21000 2140.3203088378905 0.32375585317611694
22 22000 2133.30283203125 0.32565764665603636
23 23000 2136.795421142578 0.319821195602417
24 24000 2139.7875964355467 0.3192440390586853
25 25000 2141.954362792969 0.31700940370559694
26 26000 2138.4006079101564 0.3138021159172058
27 27000 2134.481237792969 0.314332172870636
28 28000 2132.3383862304686 0.31384194374084473
29 29000 2123.160419921875 0.3145656132698059
30 30000 2149.434013671875 0.31353661298751834
31 31000 2121.2231970214843 0.31356325387954714
32 32000 2115.0729821777345 0.3229672622680664
33 33000 2130.1518322753905 0.31516017198562624
34 34000 2120.761496582031 0.31290743589401243
35 35000 2131.329553222656 0.3133830952644348
36 36000 2118.815567626953 0.31272091865539553
37 37000 2125.667102050781 0.31304566860198973
38 38000 2120.687912597656 0.32530359029769895
39 39000 2126.415546875 0.3143008828163147
40 40000 2125.511444091797 0.3139180684089661
41 41000 2105.007689208984 0.31284097671508787
42 42000 2127.547052001953 0.3129761838912964
43 43000 2135.168592529297 0.31337704181671144
44 44000 2122.5902905273438 0.31643850564956666
45 45000 2130.989395751953 0.3128068947792053
46 46000 2114.433503417969 0.32241607427597047
47 47000 2120.0308435058596 0.31300581216812134
48 48000 2119.980673828125 0.3127273631095886
49 49000 2121.666868896484 0.31254314661026
50 50000 2125.558254394531 0.312790207862854
51 51000 2106.5714721679688 0.3124458622932434
52 52000 2112.8540954589844 0.3157196116447449
53 53000 2126.850529785156 0.3146200656890869
54 54000 2101.0556677246095 0.31881741523742674
55 55000 2129.8071081542967 0.312398841381073
56 56000 2101.972100830078 0.31393800020217894
57 57000 2129.0766735839843 0.3161009883880615
58 58000 2118.7411560058595 0.31250503301620486
59 59000 2113.5930114746093 0.3199646043777466
60 60000 2119.1484130859376 0.31664552211761476
61 61000 2106.4707238769533 0.31315011501312257
62 62000 2108.9689562988283 0.3152100443840027
63 63000 2122.5969287109374 0.31394043922424314
64 64000 2100.8417553710938 0.31339674949645996
65 65000 2100.0438403320313 0.3129433560371399
66 66000 2110.7216540527343 0.31262763977050784
67 67000 2105.294140625 0.3129749870300293
68 68000 2085.7081701660154 0.31296674728393553
69 69000 2094.6123376464843 0.31446032285690306
70 70000 2114.857556152344 0.31293784141540526
71 71000 2119.225810546875 0.3137901735305786
72 72000 2115.1827807617187 0.3127463340759277
73 73000 2109.2680786132814 0.31276230812072753
74 74000 2098.6121533203127 0.31919064283370974
75 75000 2101.8082690429687 0.31358247995376587
76 76000 2097.8728100585936 0.31404705047607423
77 77000 2115.025360107422 0.3143193769454956
78 78000 2091.7009887695312 0.3145910143852234
79 79000 2105.096688232422 0.32278592348098756
80 80000 2112.893623046875 0.3130206060409546
81 81000 2102.0972424316406 0.3131511068344116
82 82000 2106.800399169922 0.3182450604438782
83 83000 2103.0782641601563 0.31331328868865965
84 84000 2085.3969494628905 0.31261072635650633
85 85000 2110.026541748047 0.3127512502670288
86 86000 2107.4953198242188 0.31781991720199587
87 87000 2104.401746826172 0.3130443072319031
88 88000 2098.959366455078 0.3125429391860962
89 89000 2100.5827648925783 0.3129886531829834
90 90000 2112.0206079101563 0.31336719036102295
91 91000 2117.0411376953125 0.31290138244628907
92 92000 2113.077041015625 0.31263286113739014
93 93000 2115.177685546875 0.31281204462051393
94 94000 2118.412880859375 0.31256654500961306
95 95000 2107.9463916015625 0.3144211196899414
96 96000 2098.0451452636717 0.3213492727279663
97 97000 2097.494510498047 0.3126190495491028
98 98000 2103.2879528808594 0.3128171801567078
99 99000 2089.2505688476563 0.3164155793190002
100 100000 2102.0082434082033 0.31276745796203614
101 101000 2096.277139892578 0.3136093831062317
102 102000 2085.529639892578 0.3127296590805054
103 103000 2091.585283203125 0.31399768590927124
104 104000 2093.202005615234 0.31321708679199217
105 105000 2094.8452758789062 0.31303666114807127
106 106000 2101.950402832031 0.31314021587371826
107 107000 2111.3511328125 0.3128670883178711
108 108000 2107.507888183594 0.313383846282959
109 109000 2108.1181225585938 0.31299898862838743
110 110000 2093.458299560547 0.31341367721557617
111 111000 2095.399517822266 0.31324461460113523
112 112000 2103.9654235839844 0.3131229400634766
113 113000 2096.0960009765627 0.31234538316726684
114 114000 2101.995583496094 0.31253442525863645
115 115000 2096.4301220703123 0.31232428073883056
116 116000 2110.7331018066407 0.3128379821777344
117 117000 2079.419669189453 0.31278332233428957
118 118000 2099.386414794922 0.31248548269271853
119 119000 2100.801629638672 0.3128786945343018
120 120000 2092.4650866699217 0.3126683759689331
121 121000 2099.522860107422 0.31260995864868163
122 122000 2086.9494372558593 0.3144599962234497
123 123000 2073.2109692382815 0.31257588148117066
124 124000 2097.9694873046874 0.31273118019104
125 125000 2098.6783642578125 0.31698600769042967
126 126000 2072.8217004394533 0.3125294303894043
127 127000 2096.3960510253905 0.31316744804382324
128 128000 2097.2759033203124 0.31322972059249876
129 129000 2080.431506347656 0.31299075841903684
130 130000 2087.4743115234373 0.31287867307662964
131 131000 2078.7568359375 0.31267471075057984
132 132000 2100.435423583984 0.3130538487434387
133 133000 2089.409665527344 0.31291247606277467
134 134000 2102.0324267578126 0.3126509237289429
135 135000 2080.7615063476565 0.3125820016860962
136 136000 2076.8961755371092 0.3129045629501343
137 137000 2093.2551953125 0.3130088496208191
138 138000 2081.561075439453 0.31288658618927
139 139000 2073.675655517578 0.3130259132385254
140 140000 2092.1293676757814 0.3127222442626953
141 141000 2071.708355712891 0.31313701868057253
142 142000 2086.590780029297 0.31414403915405276
143 143000 2095.7185510253908 0.31279406309127805
144 144000 2090.6293713378905 0.3126191544532776
145 145000 2090.9176904296874 0.31367036819458005
146 146000 2088.108280029297 0.3143265652656555
147 147000 2079.140450439453 0.3132555723190308
148 148000 2077.5424084472656 0.31672435760498047
149 149000 2082.995100097656 0.3153912115097046
150 150000 2092.720694580078 0.31491125106811524
151 151000 2093.186138916016 0.3149303460121155
152 152000 2077.192525634766 0.3127695894241333
153 153000 2085.3374560546877 0.3124935555458069
154 154000 2095.3712329101563 0.3129888558387756
155 155000 2081.456315917969 0.31249404907226563
156 156000 2069.2728747558594 0.3139784741401672
157 157000 2073.73001953125 0.3128438377380371
158 158000 2070.541397705078 0.3127975273132324
159 159000 2072.775163574219 0.3129383087158203
160 160000 2094.7748388671876 0.3131142354011536
161 161000 2077.9966821289063 0.3150123405456543
162 162000 2071.165041503906 0.3153454637527466
163 163000 2068.8502197265625 0.31258472204208376
164 164000 2094.3927490234373 0.3486798930168152
165 165000 2084.8444641113283 0.316366879940033
166 166000 2081.277576904297 0.31618365049362185
167 167000 2090.6890966796873 0.3129355716705322
168 168000 2093.189461669922 0.3159838080406189
169 169000 2078.703321533203 0.31961445569992064
170 170000 2081.603692626953 0.3144651174545288
171 171000 2066.518212890625 0.3126861548423767
172 172000 2076.4009985351563 0.32274417400360106
173 173000 2071.259296875 0.31423237800598147
174 174000 2074.7091833496092 0.312386531829834
175 175000 2063.4051428222656 0.31446735858917235
176 176000 2064.5507666015624 0.314423770904541
177 177000 2071.660400390625 0.31314591884613036
178 178000 2090.556953125 0.3146252679824829
179 179000 2078.933894042969 0.3131377696990967
180 180000 2084.681042480469 0.31367570638656617
181 181000 2070.162159423828 0.3139077925682068
182 182000 2092.7136486816407 0.31465155601501466
183 183000 2076.0702001953123 0.3168018364906311
184 184000 2063.932020263672 0.31491374015808105
185 185000 2056.1804931640627 0.3131267237663269
186 186000 2091.7030627441404 0.31646337747573855
187 187000 2086.9580212402343 0.3174114608764648
188 188000 2087.923505859375 0.31341352939605716
189 189000 2078.335556640625 0.3141501593589783
190 190000 2065.2622119140624 0.3131872344017029
191 191000 2082.8875708007813 0.31302422285079956
192 192000 2081.2799462890625 0.3137460398674011
193 193000 2085.1590002441408 0.3142685842514038
194 194000 2067.335509033203 0.3127517580986023
195 195000 2080.0811462402344 0.3171474575996399
196 196000 2087.405089111328 0.3163455533981323
197 197000 2071.544610595703 0.31358520984649657
198 198000 2069.8386584472655 0.3131768918037415
199 199000 2064.3119006347656 0.31307268381118775
200 200000 2069.6433447265626 0.3127802515029907
201 201000 2082.601843261719 0.3148230767250061
202 202000 2078.3986486816407 0.31446964979171754
203 203000 2090.062833251953 0.3172088575363159
204 204000 2105.840461425781 0.3179370427131653
205 205000 2087.5625158691405 0.31292114973068236
206 206000 2074.5729919433593 0.31340157985687256
207 207000 2079.6725390625 0.3124128580093384
208 208000 2080.4171240234373 0.3121749997138977
209 209000 2076.8915869140624 0.3151601505279541
210 210000 2088.5208142089846 0.3121509647369385
211 211000 2078.148709716797 0.31216089725494384
212 212000 2077.753214111328 0.3122323179244995
213 213000 2078.6201293945314 0.31389039993286133
214 214000 2080.975920410156 0.31369523048400877
215 215000 2070.5460314941406 0.3146029472351074
216 216000 2070.3949658203123 0.313990683555603
217 217000 2082.58869140625 0.3141943407058716
218 218000 2095.281965332031 0.31396008968353273
219 219000 2072.9692321777343 0.31465534687042235
220 220000 2075.5903198242186 0.31406479835510254
221 221000 2074.0958666992187 0.31381566524505616
222 222000 2082.233013916016 0.3384347891807556
223 223000 2084.7211596679685 0.3143105721473694
224 224000 2077.70671875 0.3142368268966675
225 225000 2085.9235693359374 0.3142498731613159
226 226000 2071.7010888671875 0.31404632329940796
227 227000 2094.8818420410157 0.3143090796470642
228 228000 2089.1594384765626 0.31385806560516355
229 229000 2070.470487060547 0.31400643587112426
230 230000 2077.5116052246094 0.3143956208229065
231 231000 2061.436138916016 0.3141626787185669
232 232000 2065.6515490722654 0.327158055305481
233 233000 2081.657762451172 0.3141278100013733
234 234000 2085.208605957031 0.31231882810592654
235 235000 2074.0322924804686 0.31251571655273436
236 236000 2078.4316845703124 0.31616897821426393
237 237000 2082.4366796875 0.3125179362297058
238 238000 2085.4069787597655 0.31233672142028807
239 239000 2072.0468688964843 0.3146464276313782
240 240000 2079.3178332519533 0.31330260038375857
241 241000 2082.014619140625 0.3122297525405884
242 242000 2079.4955822753905 0.3203563904762268
243 243000 2079.4726684570314 0.31860755681991576
244 244000 2085.5794201660156 0.32378467559814456
245 245000 2066.4455981445312 0.32381497859954833
246 246000 2077.371053466797 0.3219043922424316
247 247000 2076.2508129882813 0.3194941759109497
248 248000 2075.9956201171876 0.3245611333847046
249 249000 2075.1592346191405 0.3191144251823425
250 250000 2073.2123510742185 0.31871857881546023
251 251000 2080.290966796875 0.3259371590614319
252 252000 2071.476209716797 0.3245055556297302
253 253000 2065.6069213867186 0.3254141879081726
254 254000 2072.7332788085937 0.32044713735580443
255 255000 2077.449104003906 0.31800644397735595
256 256000 2074.446853027344 0.3243923807144165
257 257000 2063.3123876953123 0.3229078245162964
258 258000 2080.463463134766 0.32353948831558227
259 259000 2087.3977600097655 0.3177816605567932
260 260000 2080.725782470703 0.3252981972694397
261 261000 2068.433758544922 0.3185786867141724
262 262000 2070.31888671875 0.31979036569595337
263 263000 2084.213044433594 0.3175437736511231
264 264000 2083.0245971679688 0.32440629720687864
265 265000 2076.7415551757813 0.3230398464202881
266 266000 2078.96505859375 0.33429168701171874
267 267000 2079.7198046875 0.31941478729248046
268 268000 2068.1159936523436 0.3263642740249634
269 269000 2085.832990722656 0.3244628429412842
270 270000 2056.834881591797 0.32186480522155764
271 271000 2076.3804345703124 0.31993010997772214
272 272000 2070.025987548828 0.32011244773864744
273 273000 2068.4872399902342 0.3195721745491028
274 274000 2069.6527868652342 0.3244619250297546
275 275000 2079.5402392578126 0.319521005153656
276 276000 2082.841484375 0.3192465281486511
277 277000 2071.3192224121094 0.32569085121154784
278 278000 2087.5139221191407 0.3225675511360169
279 279000 2073.9618481445314 0.3220895051956177
280 280000 2073.584573974609 0.31908627510070803
281 281000 2072.972423095703 0.32584682941436766
282 282000 2075.9855969238283 0.32667967557907107
283 283000 2088.1557775878905 0.3274258279800415
284 284000 2081.0465856933592 0.31859234809875486
285 285000 2082.200841064453 0.31911014556884765
286 286000 2082.7925219726562 0.3259989881515503
287 287000 2059.5755358886718 0.32591792345047
288 288000 2064.353455810547 0.3211044120788574
289 289000 2080.2822644042967 0.31931170463562014
290 290000 2080.5038537597657 0.3209973645210266
291 291000 2074.5052514648437 0.3168477201461792
292 292000 2071.258680419922 0.3199557018280029
293 293000 2064.9768786621094 0.31766984939575194
294 294000 2067.228634033203 0.3190517520904541
295 295000 2058.9968725585936 0.3267920732498169
296 296000 2064.7251245117186 0.32002201318740847
297 297000 2060.7644104003907 0.3257646656036377
298 298000 2062.0119677734374 0.32009623765945433
299 299000 2072.826256103516 0.3186100649833679
300 300000 2069.4523974609374 0.3210627174377441
301 301000 2075.5016479492188 0.32306144714355467
302 302000 2072.628258056641 0.32588589906692506
303 303000 2065.3576245117188 0.3271117639541626
304 304000 2077.605400390625 0.3143067669868469
305 305000 2076.0176525878906 0.3268533682823181
306 306000 2073.5841064453125 0.3199031090736389
307 307000 2060.6218493652345 0.3257076072692871
308 308000 2073.78865234375 0.3218938684463501
309 309000 2068.1657983398436 0.31760817527770996
310 310000 2074.63681640625 0.3267252111434937
311 311000 2068.305279541016 0.32558504819869993
312 312000 2069.8958935546875 0.32671728372573855
313 313000 2067.79591796875 0.32386701583862304
314 314000 2069.114411621094 0.32606096744537355
315 315000 2079.798944091797 0.32549134254455564
316 316000 2076.4775036621095 0.32023355722427366
317 317000 2056.9716870117186 0.3225796627998352
318 318000 2069.919649658203 0.3196574807167053
319 319000 2061.938018798828 0.3254773736000061
320 320000 2063.02287109375 0.3157714033126831
321 321000 2069.4752282714844 0.32373459815979005
322 322000 2089.656805419922 0.32627578258514406
323 323000 2064.7045654296876 0.3258604764938354
324 324000 2091.1568432617187 0.31806154489517213
325 325000 2050.3715051269533 0.32479577779769897
326 326000 2061.7382348632814 0.32093350887298583
327 327000 2084.708757324219 0.3268908190727234
328 328000 2074.1935229492187 0.3238627028465271
329 329000 2064.8924475097656 0.3183508610725403
330 330000 2052.0401696777344 0.3281843185424805
331 331000 2080.1825451660156 0.31914339542388914
332 332000 2080.5508471679686 0.3198809432983398
333 333000 2074.5854479980467 0.32258049011230466
334 334000 2077.9626611328126 0.319349102973938
335 335000 2075.6471032714844 0.3254367423057556
336 336000 2078.9752807617188 0.32602572679519654
337 337000 2062.5277490234375 0.3177398729324341
338 338000 2069.251131591797 0.32828780174255373
339 339000 2060.5737292480467 0.31863344192504883
340 340000 2077.8692224121096 0.3252089786529541
341 341000 2059.176129150391 0.317537693977356
342 342000 2068.3122412109374 0.32617343425750733
343 343000 2072.7952209472655 0.31721690654754636
344 344000 2070.2538317871094 0.3214032030105591
345 345000 2083.3410229492188 0.3169178318977356
346 346000 2055.3760302734377 0.31998180866241455
347 347000 2054.115438232422 0.3265354895591736
348 348000 2074.7133068847656 0.32475932598114016
349 349000 2081.1994616699217 0.3185360074043274
350 350000 2066.6468981933594 0.3204940629005432
351 351000 2058.508909912109 0.31742809772491454
352 352000 2076.983244628906 0.32841322898864744
353 353000 2071.3213024902343 0.3255234098434448
354 354000 2073.451813964844 0.3166785264015198
355 355000 2057.440889892578 0.32675461053848265
356 356000 2064.0966784667967 0.32200151920318604
357 357000 2076.7975329589844 0.3170773887634277
358 358000 2073.1381213378904 0.3255373692512512
359 359000 2084.6396740722657 0.3172199463844299
360 360000 2075.2481298828125 0.32492234230041506
361 361000 2070.2578369140624 0.31660144567489623
362 362000 2062.887098388672 0.32512435674667356
363 363000 2065.98263671875 0.31782308101654055
364 364000 2075.0304455566406 0.3220094776153564
365 365000 2079.3492822265625 0.32614890813827513
366 366000 2053.594930419922 0.31956470251083374
367 367000 2058.279501953125 0.323433575630188
368 368000 2067.1208483886717 0.3237500500679016
369 369000 2069.89138671875 0.3242473483085632
370 370000 2058.5078381347657 0.32023283958435056
371 371000 2075.1027111816406 0.3245164656639099
372 372000 2064.4065393066408 0.3255149435997009
373 373000 2063.342156982422 0.3182814002037048
374 374000 2066.2477502441407 0.32338412523269655
375 375000 2078.6673828125 0.3248555088043213
376 376000 2058.1667492675783 0.319711480140686
377 377000 2074.3111743164063 0.3368878960609436
378 378000 2056.507041015625 0.31655326366424563
379 379000 2076.5980712890623 0.3239560890197754
380 380000 2068.571690673828 0.3174494910240173
381 381000 2055.871357421875 0.32584630250930785
382 382000 2055.7897338867188 0.3212569618225098
383 383000 2070.6435119628904 0.318149631023407
384 384000 2068.5901257324217 0.32349233627319335
385 385000 2050.0282397460937 0.31833688259124754
386 386000 2081.5371081542967 0.32347324848175046
387 387000 2062.8788720703124 0.3245601844787598
388 388000 2065.583010253906 0.3195304012298584
389 389000 2071.5831689453125 0.318003249168396
390 390000 2076.4979833984376 0.32609391927719117
391 391000 2062.036553955078 0.32481726169586184
392 392000 2073.2362622070314 0.3182287454605103
393 393000 2057.9141430664063 0.31946329116821287
394 394000 2057.982540283203 0.32594895362854004
395 395000 2063.4143688964846 0.3272069787979126
396 396000 2059.9432348632813 0.32542469024658205
397 397000 2051.062716064453 0.31854968786239624
398 398000 2056.574697265625 0.3225115323066711
399 399000 2057.785555419922 0.3480363845825195
400 400000 2057.146328125 0.324605450630188
401 401000 2050.839683837891 0.32431660652160643
402 402000 2066.242958984375 0.317848265171051
403 403000 2075.6460900878906 0.3294994401931763
404 404000 2058.252939453125 0.3245225238800049
405 405000 2064.4988171386717 0.319145073890686
406 406000 2065.586639404297 0.3256239628791809
407 407000 2062.5025390625 0.32146774291992186
408 408000 2060.362702636719 0.32444159269332884
409 409000 2051.382950439453 0.32477240324020384
410 410000 2051.9154809570314 0.3257764935493469
411 411000 2075.619503173828 0.32597797632217407
412 412000 2052.9223681640624 0.3258843970298767
413 413000 2053.1857299804688 0.3201585698127747
414 414000 2056.219610595703 0.3264419436454773
415 415000 2073.326394042969 0.31990087032318115
416 416000 2067.175428466797 0.321775860786438
417 417000 2051.561610107422 0.3263330626487732
418 418000 2077.564932861328 0.3238405179977417
419 419000 2062.253990478516 0.31876946926116945
420 420000 2051.325402832031 0.3279730868339539
421 421000 2053.8907556152344 0.3203555512428284
422 422000 2069.5464721679687 0.32013635396957396
423 423000 2058.2734790039062 0.32488982200622557
424 424000 2068.3889111328126 0.3202278399467468
425 425000 2076.7115234375 0.32711344957351685
426 426000 2050.22955078125 0.31880444288253784
427 427000 2061.649404296875 0.325995078086853
428 428000 2045.9724450683593 0.32462807893753054
429 429000 2058.354237060547 0.31778032302856446
430 430000 2076.947684326172 0.32350542068481447
431 431000 2062.2891931152344 0.31988260507583616
432 432000 2057.2305065917967 0.3193882632255554
433 433000 2053.5530139160155 0.3207292151451111
434 434000 2069.9657751464842 0.32663577556610107
435 435000 2061.0770483398437 0.3190745234489441
436 436000 2065.514200439453 0.31834829330444336
437 437000 2053.0000244140624 0.32758583307266237
438 438000 2057.619281005859 0.32684446811676027
439 439000 2061.7291003417968 0.32433231592178347
440 440000 2054.468212890625 0.3194214224815369
441 441000 2070.622701416016 0.31867094039916993
442 442000 2074.362608642578 0.3235581350326538
443 443000 2064.321999511719 0.31963191747665404
444 444000 2053.2023315429688 0.3239425086975098
445 445000 2067.273299560547 0.3185627794265747
446 446000 2060.221514892578 0.3202222466468811
447 447000 2058.5929296875 0.3194432854652405
448 448000 2058.84970703125 0.3191694164276123
449 449000 2073.288016357422 0.32460285902023317
450 450000 2052.840457763672 0.3270571231842041
451 451000 2055.7441528320314 0.32088409185409544
452 452000 2050.408371582031 0.3235918474197388
453 453000 2046.3485900878907 0.32141300678253176
454 454000 2058.2041345214843 0.3252039384841919
455 455000 2063.3024951171874 0.32041216135025025
456 456000 2046.788660888672 0.3184268021583557
457 457000 2059.0649731445315 0.32076852083206175
458 458000 2077.6992370605467 0.32040968894958494
459 459000 2074.3290673828124 0.3207700777053833
460 460000 2065.686512451172 0.32006771564483644
461 461000 2070.9832788085937 0.3262868118286133
462 462000 2075.8623510742186 0.3260878396034241
463 463000 2066.138562011719 0.32173379421234133
464 464000 2055.8092810058592 0.3198313808441162
465 465000 2042.9915246582032 0.3251956868171692
466 466000 2056.6754821777345 0.3256308436393738
467 467000 2063.436153564453 0.3267183494567871
468 468000 2059.0103930664063 0.31859248638153076
469 469000 2053.6967932128905 0.31997833013534543
470 470000 2052.6070080566406 0.32071627378463746
471 471000 2052.3982983398437 0.323794960975647
472 472000 2071.1288232421875 0.32623355150222777
473 473000 2057.251641845703 0.3204164481163025
474 474000 2050.626923828125 0.31987337589263914
475 475000 2052.9386962890626 0.325643413066864
476 476000 2051.52138671875 0.31991037607192996
477 477000 2056.4506774902343 0.32048844814300537
478 478000 2063.751151123047 0.3255612325668335
479 479000 2062.9889819335935 0.3264757990837097
480 480000 2052.648059082031 0.3217882084846497
481 481000 2045.9779736328126 0.32510109901428225
482 482000 2061.1303637695314 0.32288780212402346
483 483000 2057.0428369140627 0.3251505899429321
484 484000 2074.2238916015626 0.317206871509552
485 485000 2062.623327636719 0.31825751543045044
486 486000 2061.7773059082033 0.32236782073974607
487 487000 2043.2177392578126 0.32102524280548095
488 488000 2061.9596789550783 0.3187069392204285
489 489000 2069.2683923339846 0.3211601400375366
490 490000 2065.336639404297 0.3180549216270447
491 491000 2081.716904296875 0.32425163984298705
492 492000 2061.5915979003908 0.32344411373138426
493 493000 2061.6747912597657 0.32304332733154295
494 494000 2056.8446545410156 0.32101104021072385
495 495000 2059.1828625488283 0.34051753282547
496 496000 2062.7424182128907 0.32567874908447264
497 497000 2055.382635498047 0.3204087781906128
498 498000 2059.6705822753906 0.3270498609542847
499 499000 2073.73919921875 0.32449639797210694
500 500000 2046.719031982422 0.3212954783439636
501 501000 2062.377858886719 0.32720690965652466
502 502000 2053.9888806152344 0.32132262229919434
503 503000 2072.7248681640626 0.3272787427902222
504 504000 2068.1434973144533 0.3205084705352783
505 505000 2062.1283520507814 0.3257832765579224
506 506000 2052.9455212402345 0.3212116503715515
507 507000 2059.077734375 0.3268557977676392
508 508000 2048.193225097656 0.32767338514328004
509 509000 2061.395382080078 0.32214046478271485
510 510000 2053.3967272949217 0.3223958420753479
511 511000 2069.6117553710938 0.32723835229873655
512 512000 2047.1988500976563 0.32805211305618287
513 513000 2076.068564453125 0.3219046807289124
514 514000 2062.389688720703 0.3246549892425537
515 515000 2052.157554931641 0.31727283239364623
516 516000 2050.411755371094 0.32388380289077756
517 517000 2054.930460205078 0.3227388405799866
518 518000 2055.3177990722656 0.3226910614967346
519 519000 2051.265238037109 0.32421586513519285
520 520000 2057.0028381347656 0.3207377529144287
521 521000 2070.98306640625 0.3245014047622681
522 522000 2058.792052001953 0.31648821353912354
523 523000 2071.346068115234 0.32227588653564454
524 524000 2054.4796899414064 0.31672889947891236
525 525000 2046.3241369628906 0.32367415189743043
526 526000 2056.9265747070312 0.3186928200721741
527 527000 2059.5313464355468 0.32223422288894654
528 528000 2059.6794396972655 0.32343475341796873
529 529000 2069.3891418457033 0.3240380430221558
530 530000 2056.4535522460938 0.3186890769004822
531 531000 2049.0756213378904 0.3181014013290405
532 532000 2063.345809326172 0.32314114093780516
533 533000 2069.8543957519532 0.3134025573730469
534 534000 2076.4985705566405 0.3120474362373352
535 535000 2067.3023986816406 0.3238952970504761
536 536000 2053.2632250976562 0.3237202000617981
537 537000 2063.558248291016 0.32351786375045777
538 538000 2071.59904296875 0.3238705658912659
539 539000 2054.2515698242187 0.3189368534088135
540 540000 2073.2085595703124 0.3256005549430847
541 541000 2068.1008654785155 0.3248941659927368
542 542000 2060.5519482421873 0.31982174158096316
543 543000 2057.7129626464844 0.33053117990493774
544 544000 2065.0644140625 0.3245535731315613
545 545000 2065.114855957031 0.3238018250465393
546 546000 2050.0104016113282 0.32443502187728884
547 547000 2063.2435400390623 0.31863730907440185
548 548000 2074.793532714844 0.31889771223068236
549 549000 2062.9192712402346 0.3186259603500366
550 550000 2056.863879394531 0.3257623839378357
551 551000 2056.198155517578 0.31749338626861573
552 552000 2046.6961145019532 0.3242390322685242
553 553000 2051.834645996094 0.3201117777824402
554 554000 2075.7602795410157 0.32338298082351685
555 555000 2058.031378173828 0.31785438299179075
556 556000 2052.567556152344 0.32490431308746337
557 557000 2073.779182128906 0.3127513527870178
558 558000 2072.613665771484 0.3126356601715088
559 559000 2064.620477294922 0.31265116691589356
560 560000 2067.3653393554687 0.31274678707122805
561 561000 2066.570714111328 0.31270260334014893
562 562000 2065.7964611816406 0.31246697425842285
563 563000 2044.4935400390625 0.31259814739227293
564 564000 2051.5108813476563 0.31304707765579226
565 565000 2067.362041015625 0.31275894641876223
566 566000 2069.3563317871094 0.3126924753189087
567 567000 2040.9247998046876 0.31231587409973144
568 568000 2061.7139111328124 0.3128756403923035
569 569000 2059.4349279785156 0.31237239599227906
570 570000 2069.2183349609377 0.31234565019607546
571 571000 2072.275526123047 0.31232027053833006
572 572000 2058.48298828125 0.31278807401657105
573 573000 2060.654434814453 0.3123597264289856
574 574000 2054.3200256347654 0.31237034797668456
575 575000 2063.3036193847656 0.31242610692977907
576 576000 2050.8901208496095 0.3127842235565186
577 577000 2056.4545092773437 0.3122874188423157
578 578000 2062.2627185058595 0.31238225936889646
579 579000 2067.674035644531 0.3124319052696228
580 580000 2059.6058374023437 0.31257474660873413
581 581000 2070.4569567871094 0.31254289150238035
582 582000 2071.6826403808595 0.31248993396759034
583 583000 2064.3461572265624 0.317769250869751
584 584000 2065.447492675781 0.31247529745101926
585 585000 2059.1581066894532 0.3142694354057312
586 586000 2041.3011901855468 0.31299753189086915
587 587000 2058.324208984375 0.3132480025291443
588 588000 2064.222502441406 0.3125795888900757
589 589000 2052.7375732421874 0.31384863138198854
590 590000 2061.5410339355467 0.31697985887527463
591 591000 2048.29818359375 0.31338456630706785
592 592000 2075.0281384277346 0.3360253667831421
593 593000 2068.5037622070313 0.3135913157463074
594 594000 2057.6427502441406 0.3124453067779541
595 595000 2054.7983715820315 0.3122880458831787
596 596000 2071.3831079101565 0.3123964047431946
597 597000 2063.888894042969 0.3124546194076538
598 598000 2065.044273681641 0.31353583812713626
599 599000 2066.553572998047 0.3122819828987122
600 600000 2067.516579589844 0.31233510494232175
601 601000 2058.588370361328 0.31226856470108033
602 602000 2067.524284667969 0.3136789035797119
603 603000 2057.193800048828 0.31228461742401126
604 604000 2074.6361865234376 0.3122558689117432
605 605000 2081.8753088378908 0.3122525954246521
606 606000 2068.805318603516 0.3124269413948059
607 607000 2058.0143530273435 0.31248417377471926
608 608000 2078.1147778320315 0.31242538928985597
609 609000 2039.7309057617188 0.3123011159896851
610 610000 2037.380213623047 0.312290780544281
611 611000 2052.8666650390624 0.3124223661422729
612 612000 2057.5729467773435 0.31245057821273803
613 613000 2060.363179931641 0.3123362398147583
614 614000 2051.2947827148437 0.3124480557441711
615 615000 2062.69060546875 0.31237112045288085
616 616000 2056.134417724609 0.3219862937927246
617 617000 2041.5427026367188 0.31265021085739136
618 618000 2042.9210681152344 0.3125965356826782
619 619000 2056.348405761719 0.3125823974609375
620 620000 2043.6580883789063 0.32192291259765626
621 621000 2063.465662841797 0.31264079570770265
622 622000 2055.8290808105467 0.3125973320007324
623 623000 2061.902209472656 0.3126764607429504
624 624000 2060.2290686035158 0.3131260824203491
625 625000 2042.8832556152345 0.3125909161567688
626 626000 2057.0542907714844 0.3126372265815735
627 627000 2057.986776123047 0.3145765852928162
628 628000 2056.7858630371093 0.31479679346084594
629 629000 2074.4239611816406 0.31374842166900635
630 630000 2059.413176269531 0.3138887429237366
631 631000 2042.84533203125 0.31378639936447145
632 632000 2045.4015063476563 0.3131252694129944
633 633000 2040.3659411621093 0.3137128949165344
634 634000 2050.275196533203 0.31395365953445437
635 635000 2048.704453125 0.31333030700683595
636 636000 2067.706104736328 0.31393090486526487
637 637000 2063.9918115234377 0.3153757882118225
638 638000 2052.080622558594 0.3138131141662598
639 639000 2053.6017626953126 0.3139330863952637
640 640000 2073.159572753906 0.3130195760726929
641 641000 2045.4140856933593 0.31364027976989745
642 642000 2050.443737792969 0.31363078594207766
643 643000 2081.354178466797 0.3137520670890808
644 644000 2053.6435083007814 0.31366042375564573
645 645000 2056.635113525391 0.31283304691314695
646 646000 2061.421300048828 0.31369447708129883
647 647000 2063.115916748047 0.3137359189987183
648 648000 2052.3148596191404 0.31366525411605833
649 649000 2058.3698803710936 0.3136789417266846
650 650000 2078.6648498535155 0.3130121946334839
651 651000 2065.443469238281 0.31424273490905763
652 652000 2064.9584777832033 0.3142115354537964
653 653000 2059.6928784179686 0.31397577285766604
654 654000 2072.8767578125 0.31422762870788573
655 655000 2058.012185058594 0.31691269874572753
656 656000 2048.43736328125 0.3134082579612732
657 657000 2061.1488513183594 0.3139533066749573
658 658000 2068.1217907714845 0.31422234535217286
659 659000 2058.2281604003906 0.31474909543991086
660 660000 2059.528078613281 0.315756995677948
661 661000 2050.5468591308595 0.31393597841262816
662 662000 2061.781044921875 0.31617782354354856
663 663000 2070.1720581054688 0.31442860841751097
664 664000 2049.741558837891 0.31382001638412477
665 665000 2063.6659704589842 0.315557165145874
666 666000 2071.5556994628905 0.31299304485321044
667 667000 2066.431708984375 0.31387612104415896
668 668000 2055.8742687988283 0.3138457918167114
669 669000 2053.5644482421876 0.313839328289032
670 670000 2077.0598022460936 0.31303322315216064
671 671000 2052.6360986328127 0.31385074377059935
672 672000 2071.254781494141 0.31584987878799436
673 673000 2073.877540283203 0.31408717393875124
674 674000 2064.2057592773435 0.31431878089904786
675 675000 2064.900419921875 0.31315252304077146
676 676000 2068.7002197265624 0.3137835669517517
677 677000 2067.891817626953 0.31386097192764284
678 678000 2063.176774902344 0.31406570196151734
679 679000 2067.640919189453 0.3140065360069275
680 680000 2071.5831127929687 0.31315279245376587
681 681000 2053.2580810546874 0.313799102306366
682 682000 2063.4521142578124 0.3139925479888916
683 683000 2059.362225341797 0.31399304389953614
684 684000 2070.8340173339843 0.31370014905929566
685 685000 2061.1909130859376 0.3130699682235718
686 686000 2071.4236755371094 0.3142620849609375
687 687000 2042.8937719726562 0.3138263654708862
688 688000 2044.4355126953126 0.3137365889549255
689 689000 2066.4639306640624 0.31317500352859495
690 690000 2062.5581372070315 0.3145712184906006
691 691000 2056.7389331054687 0.3138765358924866
692 692000 2045.3364331054688 0.314254629611969
693 693000 2051.8079223632812 0.3138905429840088
694 694000 2057.2955407714844 0.3176644945144653
695 695000 2058.568216552734 0.3139784359931946
696 696000 2046.559462890625 0.3140647196769714
697 697000 2054.2290295410157 0.3140779185295105
698 698000 2054.7764978027344 0.3142269802093506
699 699000 2060.5802893066407 0.313031005859375
700 700000 2059.735006103516 0.3277712607383728
701 701000 2069.200595703125 0.31392178773880003
702 702000 2058.131756591797 0.3138668775558472
703 703000 2072.412628173828 0.31393645286560057
704 704000 2041.8455895996094 0.31285911560058594
705 705000 2056.292333984375 0.3137206983566284
706 706000 2046.0092810058593 0.31363821268081665
707 707000 2064.6366772460938 0.31500644207000733
708 708000 2056.014169921875 0.3138430190086365
709 709000 2061.271901855469 0.3128647351264954
710 710000 2060.2751525878907 0.313878173828125
711 711000 2056.7179968261717 0.31360033512115476
712 712000 2051.8007861328124 0.3138472604751587
713 713000 2059.0678137207033 0.31408665895462035
714 714000 2047.2842517089844 0.31338650465011597
715 715000 2058.167640380859 0.31395702838897704
716 716000 2063.9016748046874 0.3141644549369812
717 717000 2059.398016357422 0.31414109230041504
718 718000 2059.1505932617188 0.3163566088676453
719 719000 2069.832003173828 0.31649372339248655
720 720000 2049.0034533691405 0.3134733629226685
721 721000 2068.4121240234376 0.3150233459472656
722 722000 2057.8596960449217 0.31447649478912354
723 723000 2060.2875793457033 0.31460289478302
724 724000 2063.8705029296875 0.31541669368743896
725 725000 2036.1297839355468 0.3156924033164978
726 726000 2043.5601049804689 0.31439499139785765
727 727000 2056.40751953125 0.31430773735046386
728 728000 2042.782159423828 0.3144216537475586
729 729000 2060.191179199219 0.3148265242576599
730 730000 2054.679948730469 0.31544098138809207
731 731000 2064.051687011719 0.31402092456817626
732 732000 2047.4287609863281 0.31408946752548217
733 733000 2053.2234008789064 0.3145513677597046
734 734000 2038.93994140625 0.31433585166931155
735 735000 2062.967657470703 0.3133821415901184
736 736000 2053.5040625 0.31414896726608277
737 737000 2035.9315234375 0.31500777482986453
738 738000 2049.038936767578 0.3140860104560852
739 739000 2045.4523388671876 0.3139027070999145
740 740000 2054.972165527344 0.3130263137817383
741 741000 2034.8121899414064 0.3139651679992676
742 742000 2059.061328125 0.31505215883255006
743 743000 2051.7289587402342 0.3138622736930847
744 744000 2054.5023291015623 0.3138520526885986
745 745000 2035.5759826660155 0.31379801750183106
746 746000 2038.0668811035157 0.3138853859901428
747 747000 2048.4707299804686 0.3142355751991272
748 748000 2048.206424560547 0.31381882429122926
749 749000 2052.5291174316408 0.3159523606300354
750 750000 2050.8112329101564 0.3134749722480774
751 751000 2068.296025390625 0.3140328049659729
752 752000 2054.6731762695313 0.3140635895729065
753 753000 2054.7508520507813 0.31410017251968386
754 754000 2065.060506591797 0.31406832218170166
755 755000 2040.1216174316405 0.31410285234451296
756 756000 2058.436903076172 0.314605667591095
757 757000 2034.9315002441406 0.31435962677001955
758 758000 2047.6444873046876 0.3141655158996582
759 759000 2033.748154296875 0.314160041809082
760 760000 2041.7334765625 0.32260568857192995
761 761000 2053.447930908203 0.3141274833679199
762 762000 2051.9222192382813 0.3138884449005127
763 763000 2053.06251953125 0.3126716661453247
764 764000 2060.8820922851564 0.3133344602584839
765 765000 2046.8855798339844 0.3126430130004883
766 766000 2047.3486938476562 0.3128293704986572
767 767000 2053.3380859375 0.3128379774093628
768 768000 2059.766953125 0.3132846093177795
769 769000 2045.0564123535157 0.31281779527664183
770 770000 2057.138859863281 0.3127272582054138
771 771000 2044.2768017578126 0.3127025699615478
772 772000 2052.973223876953 0.31283910036087037
773 773000 2046.4057006835938 0.31232028007507323
774 774000 2047.7532592773437 0.3125006055831909
775 775000 2049.478688964844 0.3391352653503418
776 776000 2046.2930822753906 0.32234509706497194
777 777000 2052.2937524414065 0.36278439044952393
778 778000 2055.0790270996094 0.31364848852157595
779 779000 2038.209949951172 0.31365448236465454
780 780000 2039.5603527832031 0.31376230001449584
781 781000 2045.2767211914063 0.31354705572128294
782 782000 2062.702705078125 0.3136653089523315
783 783000 2039.189942626953 0.31363425970077513
784 784000 2041.544520263672 0.3126799464225769
785 785000 2056.0210119628905 0.31287613153457644
786 786000 2049.380262451172 0.312949013710022
787 787000 2057.930787353516 0.31286460876464844
788 788000 2065.9732299804687 0.312837450504303
789 789000 2061.634616699219 0.3127116084098816
790 790000 2059.5145544433594 0.3128670048713684
791 791000 2065.1044311523438 0.32703953742980957
792 792000 2045.1487072753907 0.31279550313949583
793 793000 2055.333408203125 0.3127566123008728
794 794000 2053.4458056640624 0.31261826276779175
795 795000 2039.8078686523438 0.3131876277923584
796 796000 2035.9511657714843 0.31286590576171874
797 797000 2056.1561645507813 0.31343310594558715
798 798000 2038.770440673828 0.31294682025909426
799 799000 2054.530539550781 0.31327831029891967
800 800000 2057.333010253906 0.3127859902381897
801 801000 2069.7014599609374 0.3127529978752136
802 802000 2051.6350756835936 0.31282863616943357
803 803000 2053.4474560546873 0.3159907341003418
804 804000 2053.211514892578 0.3127635145187378
805 805000 2059.2276318359377 0.3127968168258667
806 806000 2066.4642236328127 0.3129757475852966
807 807000 2036.3482495117187 0.3130218696594238
808 808000 2059.641014404297 0.312945191860199
809 809000 2048.7856823730467 0.31275866985321044
810 810000 2046.9101147460938 0.3130642509460449
811 811000 2044.6428466796874 0.3129358100891113
812 812000 2059.1076708984374 0.3148997902870178
813 813000 2061.6274731445315 0.3130405640602112
814 814000 2064.1595092773437 0.31288514375686644
815 815000 2056.7405590820313 0.31286188125610354
816 816000 2066.1470141601562 0.3127687954902649
817 817000 2063.490662841797 0.31268790245056155
818 818000 2061.990447998047 0.31292428970336916
819 819000 2053.2819897460936 0.31286081552505496
820 820000 2047.8825732421874 0.3133724045753479
821 821000 2046.8655676269532 0.312910840511322
822 822000 2057.7033276367188 0.31292481660842897
823 823000 2072.8866809082033 0.3128219485282898
824 824000 2048.2691735839844 0.3129585361480713
825 825000 2057.602087402344 0.31276424169540407
826 826000 2049.7633337402344 0.3131999111175537
827 827000 2065.4657006835937 0.3128879714012146
828 828000 2072.889317626953 0.3126835775375366
829 829000 2055.1194421386717 0.3126537775993347
830 830000 2051.124591064453 0.31336739778518674
831 831000 2046.1491723632812 0.31281734228134156
832 832000 2066.727937011719 0.3128860688209534
833 833000 2053.224395751953 0.31290842771530153
834 834000 2062.908975830078 0.31340460062026976
835 835000 2066.460157470703 0.3127893948554993
836 836000 2060.9678088378905 0.31283676147460937
837 837000 2043.0044165039062 0.3136040449142456
838 838000 2049.926405029297 0.3133425235748291
839 839000 2057.967900390625 0.31273399114608763
840 840000 2062.755087890625 0.3175428009033203
841 841000 2058.004482421875 0.3128729486465454
842 842000 2054.7475817871095 0.3128060841560364
843 843000 2054.33873046875 0.31276195287704467
844 844000 2057.3876403808595 0.31281235694885257
845 845000 2053.771326904297 0.3130517625808716
846 846000 2072.360524902344 0.31258172273635865
847 847000 2066.6417236328125 0.3136652612686157
848 848000 2049.3017199707033 0.31245324850082395
849 849000 2065.0366552734376 0.313308846950531
850 850000 2048.1704553222658 0.3131971549987793
851 851000 2061.3995532226563 0.31515703201293943
852 852000 2051.7359204101563 0.31235380172729493
853 853000 2047.003671875 0.3138957786560059
854 854000 2045.9679858398438 0.31273589849472044
855 855000 2056.630186767578 0.3135380148887634
856 856000 2065.891876220703 0.312340567111969
857 857000 2060.162381591797 0.31241096258163453
858 858000 2040.4173095703125 0.31268205881118777
859 859000 2040.1312341308594 0.31205121755599974
860 860000 2043.30126953125 0.3124340009689331
861 861000 2050.5737646484376 0.31204062700271606
862 862000 2059.396607666016 0.3129166603088379
863 863000 2062.391463623047 0.31206732749938965
864 864000 2051.113331298828 0.31227921962738037
865 865000 2043.8712976074219 0.31248204231262205
866 866000 2084.995989990234 0.31221349477767946
867 867000 2046.3832312011718 0.31247495651245116
868 868000 2067.9789306640623 0.3132250618934631
869 869000 2067.4780603027343 0.31550904989242556
870 870000 2065.7001330566404 0.3131337547302246
871 871000 2049.3185424804688 0.3128798460960388
872 872000 2058.190954589844 0.31272359132766725
873 873000 2056.4321923828124 0.31384087324142457
874 874000 2072.225206298828 0.3127513837814331
875 875000 2056.1085302734373 0.31344626426696776
876 876000 2048.8946130371096 0.3123262572288513
877 877000 2035.1805346679687 0.313732693195343
878 878000 2043.975819091797 0.3126446604728699
879 879000 2057.5816552734377 0.3132978892326355
880 880000 2059.2308447265623 0.3122167444229126
881 881000 2059.3538171386717 0.3133906173706055
882 882000 2064.5102221679685 0.32174561023712156
883 883000 2056.632102050781 0.3124837350845337
884 884000 2067.5623071289065 0.31323554277420046
885 885000 2057.6283044433594 0.31223692655563356
886 886000 2071.5803381347655 0.3144717860221863
887 887000 2044.1145373535155 0.31229118824005125
888 888000 2053.3903369140626 0.3128288197517395
889 889000 2052.9158227539065 0.3122700095176697
890 890000 2059.8698974609374 0.31286136388778685
891 891000 2058.7447106933596 0.3123879265785217
892 892000 2057.766947021484 0.31303595066070555
893 893000 2067.288260498047 0.3126523542404175
894 894000 2054.724510498047 0.31315900802612306
895 895000 2064.3433740234377 0.3149958872795105
896 896000 2048.2365625 0.3128788733482361
897 897000 2055.7576196289065 0.31336101293563845
898 898000 2055.6789978027346 0.31325698375701905
899 899000 2059.6929162597658 0.3147215604782104
900 900000 2052.0313427734377 0.31257967472076414
901 901000 2058.871297607422 0.3127862238883972
902 902000 2054.1570397949217 0.3129141044616699
903 903000 2072.7909411621094 0.31251455545425416
904 904000 2062.418308105469 0.3132764148712158
905 905000 2041.8655883789063 0.3126233124732971
906 906000 2059.0035888671873 0.31308962106704713
907 907000 2040.6040234375 0.31254254341125487
908 908000 2070.798322753906 0.3160731863975525
909 909000 2046.6165588378906 0.3120527219772339
910 910000 2056.5536181640623 0.31337197065353395
911 911000 2048.080916748047 0.31200887203216554
912 912000 2053.961240234375 0.3142459106445312
913 913000 2034.6311364746093 0.3123014545440674
914 914000 2037.0285437011719 0.3136781120300293
915 915000 2046.59572265625 0.31248595714569094
916 916000 2033.2481591796875 0.31347090005874634
917 917000 2044.9818530273437 0.31295976400375364
918 918000 2032.4825305175782 0.31257829427719114
919 919000 2036.0400744628905 0.31320489645004274
920 920000 2053.144991455078 0.3122984862327576
921 921000 2057.3110681152343 0.313053092956543
922 922000 2054.527822265625 0.3129743528366089
923 923000 2059.968977050781 0.3125723314285278
924 924000 2067.965520019531 0.3133974266052246
925 925000 2040.2807458496093 0.31265648365020754
926 926000 2042.6611389160157 0.3123014903068542
927 927000 2053.9679553222654 0.31248969078063965
928 928000 2046.104833984375 0.31239062547683716
929 929000 2027.6288305664064 0.3126900935173035
930 930000 2049.203504638672 0.31285390853881834
931 931000 2059.8413732910158 0.3124170565605164
932 932000 2051.676232910156 0.31255086660385134
933 933000 2066.1788525390625 0.3129762244224548
934 934000 2048.067644042969 0.3129132294654846
935 935000 2052.3836389160156 0.31326071262359617
936 936000 2030.187059326172 0.312701952457428
937 937000 2036.8756237792968 0.31301815509796144
938 938000 2052.170144042969 0.31288126945495603
939 939000 2033.214091796875 0.3133634400367737
940 940000 2040.7960290527344 0.3123274564743042
941 941000 2039.52849609375 0.3130538034439087
942 942000 2046.2448425292969 0.313018479347229
943 943000 2045.4836279296876 0.3131012749671936
944 944000 2038.3634020996094 0.3125278449058533
945 945000 2040.2369226074218 0.31374412298202514
946 946000 2035.1337268066407 0.31292181968688965
947 947000 2043.0845275878905 0.3120797038078308
948 948000 2033.1531518554686 0.3127150249481201
949 949000 2051.5979650878908 0.3127566647529602
950 950000 2048.142844238281 0.31215508699417116
951 951000 2055.035029296875 0.313850564956665
952 952000 2049.2368615722658 0.31195626258850095
953 953000 2055.5026647949217 0.3125611209869385
954 954000 2059.2043408203126 0.3127012801170349
955 955000 2049.8913159179688 0.3153493285179138
956 956000 2039.0416857910157 0.3119465160369873
957 957000 2067.668692626953 0.31268399000167846
958 958000 2046.4900537109374 0.3235196018218994
959 959000 2050.465020751953 0.33055562019348145
960 960000 2058.093056640625 0.3127217626571655
961 961000 2055.407969970703 0.3129850816726685
962 962000 2052.127490234375 0.3130409598350525
963 963000 2051.143973388672 0.31236098527908324
964 964000 2062.0120153808593 0.3138927984237671
965 965000 2059.418599853516 0.3195476412773132
966 966000 2047.2032788085937 0.31213884353637694
967 967000 2048.9749365234375 0.31308315515518187
968 968000 2065.953731689453 0.31478132724761965
969 969000 2062.731027832031 0.3127612853050232
970 970000 2043.8766284179687 0.31238273620605467
971 971000 2048.0482263183594 0.31333664178848264
972 972000 2046.8551306152344 0.3123372220993042
973 973000 2057.1991186523437 0.31368699073791506
974 974000 2061.544278564453 0.31249854326248167
975 975000 2063.147873535156 0.312363908290863
976 976000 2040.5238513183594 0.31320738077163696
977 977000 2055.917126464844 0.31224180698394777
978 978000 2053.3255334472656 0.31319269657135007
979 979000 2061.774061279297 0.31249069213867187
980 980000 2072.243857421875 0.3127230381965637
981 981000 2052.1748706054686 0.31255278348922727
982 982000 2071.967645263672 0.3222744822502136
983 983000 2054.2356811523437 0.31229970693588255
984 984000 2046.0254431152343 0.3131596636772156
985 985000 2054.913719482422 0.3127804493904114
986 986000 2047.4201867675781 0.31306463718414307
987 987000 2059.9675830078127 0.3125974369049072
988 988000 2050.3278466796874 0.3123565912246704
989 989000 2062.846573486328 0.3129065728187561
990 990000 2043.2038879394531 0.3127476930618286
991 991000 2039.6595422363282 0.313136899471283
992 992000 2060.0127783203125 0.3119500708580017
993 993000 2049.5156188964843 0.31284287452697757
994 994000 2045.9380310058593 0.32993719100952146
995 995000 2066.9420764160154 0.3131864857673645
996 996000 2051.1617932128906 0.31231510877609253
997 997000 2053.463536376953 0.3121984171867371
998 998000 2051.186981201172 0.3123088121414185
999 999000 2043.863458251953 0.31284418344497683
1000 1000000 2054.2603259277344 0.31216230630874636
1001 1001000 2047.8569299316407 0.3124255204200745
1002 1002000 2046.382042236328 0.31253891706466674
1003 1003000 2060.164246826172 0.3133599972724915
1004 1004000 2060.255017089844 0.3128321623802185
1005 1005000 2056.8894104003907 0.3121714448928833
1006 1006000 2055.5834436035157 0.31259461879730227
1007 1007000 2051.8959533691404 0.312626793384552
1008 1008000 2055.592150878906 0.3124392509460449
1009 1009000 2041.4669262695313 0.33043100833892824
1010 1010000 2037.915849609375 0.31217552423477174
1011 1011000 2052.509921875 0.31262051343917846
1012 1012000 2043.9449328613282 0.31333165645599365
1013 1013000 2046.0791076660157 0.3128704023361206
1014 1014000 2048.8328356933594 0.3129027080535889
1015 1015000 2041.616748046875 0.3127811670303345
1016 1016000 2045.880546875 0.31391951322555545
1017 1017000 2043.0850341796875 0.31649682283401487
1018 1018000 2053.947548828125 0.31299219608306883
1019 1019000 2052.6782263183595 0.31293343782424926
1020 1020000 2047.9078063964844 0.3129450273513794
1021 1021000 2047.025682373047 0.31794980525970457
1022 1022000 2051.888233642578 0.3128573489189148
1023 1023000 2037.8579138183593 0.3133286952972412
1024 1024000 2039.2167309570314 0.3124601483345032
1025 1025000 2057.802395019531 0.313674840927124
1026 1026000 2035.0241284179688 0.3133697962760925
1027 1027000 2059.113547363281 0.312353720664978
1028 1028000 2048.4310107421875 0.31317883491516113
1029 1029000 2053.7291845703126 0.313140070438385
1030 1030000 2054.5723510742187 0.31269986391067506
1031 1031000 2059.5464245605467 0.31302194595336913
1032 1032000 2058.4713806152345 0.3122874188423157
1033 1033000 2063.715474853516 0.3126895618438721
1034 1034000 2058.587413330078 0.3124628400802612
1035 1035000 2040.8467810058594 0.3135900187492371
1036 1036000 2057.1454309082033 0.31197300910949705
1037 1037000 2061.272899169922 0.3134675192832947
1038 1038000 2045.8560388183594 0.31423259258270264
1039 1039000 2042.6442822265626 0.3129145860671997
1040 1040000 2059.6294213867186 0.3131005454063416
1041 1041000 2062.5796032714843 0.31236809492111206
1042 1042000 2052.2790148925783 0.3131106376647949
1043 1043000 2045.1530212402345 0.31242229700088503
1044 1044000 2041.849073486328 0.31354684591293336
1045 1045000 2043.8274169921874 0.3122808384895325
1046 1046000 2049.578485107422 0.31468637704849245
1047 1047000 2052.6076196289064 0.31242664098739625
1048 1048000 2055.9944848632813 0.3134148049354553
1049 1049000 2056.7544079589843 0.31295855522155763
1050 1050000 2044.9307446289063 0.31235825777053833
1051 1051000 2062.4773608398436 0.3129153347015381
1052 1052000 2042.241298828125 0.3127561450004578
1053 1053000 2056.5097985839843 0.3127444624900818
1054 1054000 2050.20349609375 0.3127758002281189
1055 1055000 2063.670096435547 0.31244797229766846
1056 1056000 2050.461585693359 0.32152469873428347
1057 1057000 2050.5661779785155 0.3121694684028625
1058 1058000 2055.0988781738283 0.31235268592834475
1059 1059000 2041.588555908203 0.3128015851974487
1060 1060000 2036.8893115234375 0.3133639168739319
1061 1061000 2043.282901611328 0.31269040107727053
1062 1062000 2031.4461279296875 0.3124165201187134
1063 1063000 2044.168983154297 0.3122738838195801
1064 1064000 2058.9216149902345 0.31345622062683104
1065 1065000 2069.9354919433595 0.31255072116851806
1066 1066000 2057.4489733886717 0.31277113914489746
1067 1067000 2047.7354699707032 0.31312649488449096
1068 1068000 2048.640086669922 0.3124221611022949
1069 1069000 2046.2136828613282 0.3132651925086975
1070 1070000 2045.6922021484374 0.31243558883666994
1071 1071000 2057.293897705078 0.31281850576400755
1072 1072000 2058.221530761719 0.31228880167007445
1073 1073000 2059.258845214844 0.3134838318824768
1074 1074000 2038.1255615234375 0.3130350732803345
1075 1075000 2041.050584716797 0.3124361515045166
1076 1076000 2043.203671875 0.31279329061508176
1077 1077000 2050.592703857422 0.31292693376541136
1078 1078000 2044.3922253417968 0.3128078484535217
1079 1079000 2048.4984436035156 0.3128773522377014
1080 1080000 2044.4384606933593 0.3132588791847229
1081 1081000 2058.8268908691407 0.31255009412765505
1082 1082000 2045.062313232422 0.31344979763031006
1083 1083000 2048.420623779297 0.3125079917907715
1084 1084000 2054.9197021484374 0.31318379878997804
1085 1085000 2052.836423339844 0.3118141293525696
1086 1086000 2056.11669921875 0.31283179521560667
1087 1087000 2050.289202880859 0.3145340085029602
1088 1088000 2050.7992651367185 0.3123148012161255
1089 1089000 2038.5334252929688 0.31278387308120725
1090 1090000 2046.8371447753907 0.3130244898796082
1091 1091000 2048.5964904785155 0.31542529582977297
1092 1092000 2060.1067211914065 0.3129846954345703
1093 1093000 2046.4970458984376 0.3124771308898926
1094 1094000 2065.4426147460936 0.31330812215805054
1095 1095000 2025.3407690429688 0.31954532623291015
1096 1096000 2060.198231201172 0.3128438401222229
1097 1097000 2059.139406738281 0.3126429295539856
1098 1098000 2059.9641430664065 0.31296017646789553
1099 1099000 2056.292307128906 0.31253618478775025
1100 1100000 2040.0306884765625 0.31259085893630983
1101 1101000 2043.8062023925781 0.31214256525039674
1102 1102000 2048.9173950195313 0.31232160568237305
1103 1103000 2035.5770935058595 0.3133307218551636
1104 1104000 2050.265263671875 0.31249342679977415
1105 1105000 2053.3392626953123 0.3128772759437561
1106 1106000 2050.233409423828 0.3134365248680115
1107 1107000 2055.626417236328 0.3130227327346802
1108 1108000 2050.110919189453 0.3199058628082275
1109 1109000 2043.1302783203125 0.31241865873336794
1110 1110000 2054.2859460449217 0.31284456729888915
1111 1111000 2051.841712646484 0.31248977422714236
1112 1112000 2062.873663330078 0.3125846672058106
1113 1113000 2056.2096911621093 0.3129066753387451
1114 1114000 2051.567509765625 0.312349169254303
1115 1115000 2052.301484375 0.31269284248352053
1116 1116000 2054.235252685547 0.3127263331413269
1117 1117000 2053.5875927734373 0.3125240135192871
1118 1118000 2053.2778442382814 0.3134624195098877
1119 1119000 2059.641915283203 0.3121692419052124
1120 1120000 2066.117083740234 0.31245826244354247
1121 1121000 2048.906319580078 0.3125521445274353
1122 1122000 2058.062067871094 0.3131492233276367
1123 1123000 2051.386729736328 0.31329946279525756
1124 1124000 2046.5437377929688 0.31220378160476686
1125 1125000 2047.1325451660157 0.3133891797065735
1126 1126000 2047.0388024902343 0.3128756380081177
1127 1127000 2067.5790563964842 0.3133791756629944
1128 1128000 2055.1745080566407 0.31244568824768065
1129 1129000 2042.8321923828125 0.31336413860321044
1130 1130000 2043.1489001464843 0.31286909580230715
1131 1131000 2059.866789550781 0.31292688131332397
1132 1132000 2048.734523925781 0.3126152348518372
1133 1133000 2047.5562451171875 0.3134870862960815
1134 1134000 2048.5081494140627 0.31289286613464357
1135 1135000 2039.6504064941407 0.31314129114151
1136 1136000 2045.1110339355469 0.3126854634284973
1137 1137000 2054.0417602539064 0.3134517502784729
1138 1138000 2058.607186279297 0.3130699300765991
1139 1139000 2055.7517822265627 0.31263912677764893
1140 1140000 2054.665538330078 0.31292498350143433
1141 1141000 2062.6102319335937 0.31254002809524534
1142 1142000 2051.006531982422 0.3129131364822388
1143 1143000 2060.7215124511717 0.3178062295913696
1144 1144000 2061.4301818847657 0.31386289834976194
1145 1145000 2049.293114013672 0.3126974058151245
1146 1146000 2041.3252563476562 0.3135216307640076
1147 1147000 2052.2791137695312 0.31253862142562866
1148 1148000 2041.1194897460937 0.31305278062820435
1149 1149000 2039.3734997558595 0.31256828308105467
1150 1150000 2046.5508972167968 0.3132377243041992
1151 1151000 2035.282685546875 0.31252053260803225
1152 1152000 2043.0581604003905 0.3136245083808899
1153 1153000 2044.2908679199218 0.3123822045326233
1154 1154000 2039.0409167480468 0.3126603889465332
1155 1155000 2048.5703869628906 0.31326772928237917
1156 1156000 2032.8851599121094 0.31229979276657105
1157 1157000 2042.5142797851563 0.31759922981262206
1158 1158000 2061.1308581542967 0.31225818157196045
1159 1159000 2037.258045654297 0.313023476600647
1160 1160000 2052.0165869140624 0.3122221565246582
1161 1161000 2047.4916381835938 0.3184880876541138
1162 1162000 2059.2744909667967 0.3126525807380676
1163 1163000 2042.4265295410157 0.31227254152297973
1164 1164000 2056.365174560547 0.3131727600097656
1165 1165000 2053.2700805664062 0.3285660219192505
1166 1166000 2045.1813513183595 0.31257654666900636
1167 1167000 2045.1925524902344 0.31258602857589723
1168 1168000 2046.093233642578 0.313184061050415
1169 1169000 2050.644393310547 0.327177677154541
1170 1170000 2029.66484375 0.3126785683631897
1171 1171000 2047.5221057128906 0.31347803115844725
1172 1172000 2038.1651330566406 0.312088360786438
1173 1173000 2064.78208984375 0.312056200504303
1174 1174000 2055.346960449219 0.3136951684951782
1175 1175000 2038.999923095703 0.3130291724205017
1176 1176000 2039.4621948242188 0.3131424832344055
1177 1177000 2054.010618896484 0.312533540725708
1178 1178000 2045.8477807617187 0.3165429902076721
1179 1179000 2041.3420275878907 0.3134382891654968
1180 1180000 2044.6304626464844 0.31279234170913695
1181 1181000 2046.3675415039063 0.31318280935287474
1182 1182000 2041.413857421875 0.31221254825592043
1183 1183000 2055.151218261719 0.3129843211174011
1184 1184000 2034.8926696777344 0.31316929817199707
1185 1185000 2052.5176599121096 0.313338520526886
1186 1186000 2042.180595703125 0.31255240440368653
1187 1187000 2039.9670959472655 0.31350168466567996
1188 1188000 2040.1737951660157 0.3127136754989624
1189 1189000 2051.0202124023435 0.31177172183990476
1190 1190000 2047.1875512695312 0.3115703010559082
1191 1191000 2042.2330395507813 0.3116269469261169
1192 1192000 2051.403709716797 0.3347205686569214
1193 1193000 2049.4060192871093 0.311572744846344
1194 1194000 2035.3954077148437 0.3116534423828125
1195 1195000 2036.339373779297 0.3114960861206055
1196 1196000 2057.8882482910158 0.31222196340560915
1197 1197000 2045.568115234375 0.3116359925270081
1198 1198000 2035.8481140136719 0.3117258262634277
1199 1199000 2054.566279296875 0.31159651279449463
1200 1200000 2046.7503588867187 0.31187742948532104
1201 1201000 2045.4405590820313 0.3118863534927368
1202 1202000 2048.0460180664063 0.31176352739334107
1203 1203000 2051.9658190917967 0.31163069248199465
1204 1204000 2041.7006311035157 0.3120332431793213
1205 1205000 2035.379482421875 0.31172943830490113
1206 1206000 2049.9451257324217 0.3116842079162598
1207 1207000 2041.9219689941406 0.3117904019355774
1208 1208000 2038.547286376953 0.3118498373031616
1209 1209000 2052.7296240234373 0.3116780734062195
1210 1210000 2028.0952478027343 0.3115792536735535
1211 1211000 2037.9395861816406 0.3117502570152283
1212 1212000 2050.333029785156 0.31190507888793945
1213 1213000 2036.3171215820312 0.3367348289489746
1214 1214000 2043.65876953125 0.3116022682189941
1215 1215000 2048.341661376953 0.3117490339279175
1216 1216000 2051.3618493652343 0.311782968044281
1217 1217000 2038.6903137207032 0.31164982557296755
1218 1218000 2045.4923522949218 0.3115257263183594
1219 1219000 2035.9388708496094 0.31173924922943114
1220 1220000 2045.8999877929687 0.31157551288604735
1221 1221000 2032.5553845214845 0.3115013313293457
1222 1222000 2054.261690673828 0.3115625286102295
1223 1223000 2049.963623046875 0.31156886100769043
1224 1224000 2033.6228454589843 0.31165836095809935
1225 1225000 2027.55666015625 0.311475510597229
1226 1226000 2041.3312829589843 0.31349159955978395
1227 1227000 2050.3060717773437 0.31197261810302734
1228 1228000 2051.8586389160155 0.311650447845459
1229 1229000 2044.1024584960937 0.3115641522407532
1230 1230000 2035.8011694335937 0.31175444602966307
1231 1231000 2055.4941174316405 0.31500667810440064
1232 1232000 2046.4693286132813 0.31153160333633423
1233 1233000 2039.2743981933593 0.31163621187210083
1234 1234000 2059.0673400878904 0.31152165174484253
1235 1235000 2031.4628967285157 0.3119990563392639
1236 1236000 2049.1501342773436 0.3119114542007446
1237 1237000 2044.9808325195313 0.3117131519317627
1238 1238000 2031.0660900878906 0.3117642593383789
1239 1239000 2056.182008056641 0.3281154203414917
1240 1240000 2059.609873046875 0.31158363103866576
1241 1241000 2048.4715979003904 0.31161989450454713
1242 1242000 2047.681649169922 0.31141913175582886
1243 1243000 2041.1630322265626 0.31162294626235965
1244 1244000 2034.6257836914062 0.31169992685317993
1245 1245000 2033.77068359375 0.31157359600067136
1246 1246000 2057.6469787597657 0.3116909956932068
1247 1247000 2025.7787622070311 0.3118302822113037
1248 1248000 2038.3833459472655 0.31280174016952517
1249 1249000 2051.3185375976564 0.3116521453857422
1250 1250000 2054.2732250976565 0.31151695489883424
1251 1251000 2038.8226525878906 0.31722656488418577
1252 1252000 2036.8845764160155 0.31186762809753416
1253 1253000 2042.1413220214845 0.31167364835739136
1254 1254000 2027.9725512695313 0.3117944025993347
1255 1255000 2038.376337890625 0.3117705225944519
1256 1256000 2044.0084033203125 0.3118577480316162
1257 1257000 2038.9655053710937 0.3116851258277893
1258 1258000 2049.361865234375 0.31184796810150145
1259 1259000 2046.130732421875 0.31151198625564575
1260 1260000 2060.1767590332033 0.3118863844871521
1261 1261000 2048.9673901367187 0.3116383147239685
1262 1262000 2031.015926513672 0.31220603466033936
1263 1263000 2057.5001818847654 0.311922709941864
1264 1264000 2053.4576025390625 0.3116769814491272
1265 1265000 2048.046815185547 0.3117441821098328
1266 1266000 2059.5568273925783 0.3127411723136902
1267 1267000 2051.6206579589843 0.3117620801925659
1268 1268000 2045.806219482422 0.31178045988082886
1269 1269000 2047.6576904296876 0.3115708327293396
1270 1270000 2035.6104174804686 0.31196860551834105
1271 1271000 2051.486643066406 0.3115540480613708
1272 1272000 2039.8949670410157 0.31164517879486087
1273 1273000 2034.825252685547 0.311625554561615
1274 1274000 2036.2720129394531 0.3120711898803711
1275 1275000 2038.1806140136719 0.3117786121368408
1276 1276000 2057.225965576172 0.3118771481513977
1277 1277000 2037.66810546875 0.31186278581619264
1278 1278000 2051.1893530273437 0.3116128349304199
1279 1279000 2062.7382165527342 0.31182748317718506
1280 1280000 2061.413068847656 0.31176315546035765
1281 1281000 2057.201536865234 0.31158377647399904
1282 1282000 2039.9060656738282 0.3118674921989441
1283 1283000 2061.823585205078 0.3126837778091431
1284 1284000 2049.818603515625 0.3117229461669922
1285 1285000 2051.098516845703 0.31188673973083497
1286 1286000 2054.368088378906 0.3115962314605713
1287 1287000 2063.0307580566405 0.3117635440826416
1288 1288000 2056.5482202148437 0.3117000961303711
1289 1289000 2047.742891845703 0.31137134075164796
1290 1290000 2041.5224841308593 0.311683714389801
1291 1291000 2052.9373132324217 0.3115114283561706
1292 1292000 2047.1827893066406 0.3116599702835083
1293 1293000 2050.809671630859 0.3115863871574402
1294 1294000 2034.0755310058594 0.31150676965713503
1295 1295000 2049.744814453125 0.31159171819686887
1296 1296000 2039.901104736328 0.31136122703552244
1297 1297000 2036.6716540527343 0.3119086289405823
1298 1298000 2035.741182861328 0.3114995837211609
1299 1299000 2045.015145263672 0.31159502506256104
1300 1300000 2054.80796875 0.31137480020523073
1301 1301000 2036.8239624023438 0.31191234827041625
1302 1302000 2047.1602893066406 0.3116333532333374
1303 1303000 2049.9386669921873 0.31151552438735963
1304 1304000 2050.9716748046876 0.31148438215255736
1305 1305000 2047.311591796875 0.31198379278182986
1306 1306000 2058.76609375 0.3115821623802185
1307 1307000 2058.4397973632813 0.3116019248962402
1308 1308000 2054.4253662109377 0.31151494264602664
1309 1309000 2042.074521484375 0.31193750381469726
1310 1310000 2070.181480712891 0.311557297706604
1311 1311000 2052.3171118164064 0.3116214084625244
1312 1312000 2052.287362060547 0.31178544044494627
1313 1313000 2054.6101892089846 0.31158520460128786
1314 1314000 2062.137185058594 0.3114421248435974
1315 1315000 2064.635811767578 0.31174699544906614
1316 1316000 2041.798350830078 0.3115599203109741
1317 1317000 2041.3841430664063 0.31160534620285035
1318 1318000 2041.7135400390625 0.3125681257247925
1319 1319000 2055.2898596191408 0.31160727739334104
1320 1320000 2052.6912158203127 0.31166131734848024
1321 1321000 2050.4137609863283 0.311542181968689
1322 1322000 2046.2867651367187 0.31129889011383055
1323 1323000 2068.954348144531 0.3112758183479309
1324 1324000 2055.3053076171873 0.3116191911697388
1325 1325000 2052.4029650878906 0.31146973609924317
1326 1326000 2059.278864746094 0.3116157126426697
1327 1327000 2054.0389599609375 0.3113110136985779
1328 1328000 2070.672248535156 0.31178324699401855
1329 1329000 2076.9328869628907 0.31136517524719237
1330 1330000 2050.4630297851563 0.31131760358810423
1331 1331000 2055.4631018066407 0.3115804386138916
1332 1332000 2025.9088159179687 0.3117771100997925
1333 1333000 2043.4647009277344 0.3115069580078125
1334 1334000 2045.3795275878906 0.3111364531517029
1335 1335000 2062.7717822265627 0.3114763855934143
1336 1336000 2051.893260498047 0.311905243396759
1337 1337000 2048.4413293457033 0.31135709285736085
1338 1338000 2051.950311279297 0.31142038822174073
1339 1339000 2038.4106396484376 0.31124903678894045
1340 1340000 2045.5673095703125 0.3119042706489563
1341 1341000 2045.4795068359374 0.31173444986343385
1342 1342000 2036.5887463378906 0.31161004781723023
1343 1343000 2037.9437976074219 0.311330509185791
1344 1344000 2046.2006628417969 0.3120329976081848
1345 1345000 2058.7956384277345 0.3115526533126831
1346 1346000 2030.3167858886718 0.31171766519546507
1347 1347000 2046.5687377929687 0.31176411628723144
1348 1348000 2067.0142321777344 0.3118487095832825
1349 1349000 2043.1365686035156 0.3117373466491699
1350 1350000 2046.1465808105468 0.31377161026000977
1351 1351000 2041.1763989257813 0.3117707395553589
1352 1352000 2033.4107238769532 0.311668906211853
1353 1353000 2046.6390380859375 0.31273669958114625
1354 1354000 2031.9488830566406 0.3116706085205078
1355 1355000 2046.3807556152344 0.3113400483131409
1356 1356000 2057.4027490234375 0.31174949169158933
1357 1357000 2041.5670227050782 0.3116974925994873
1358 1358000 2044.3144213867188 0.3117058348655701
1359 1359000 2071.7039624023437 0.31166247367858885
1360 1360000 2039.7830822753906 0.31142237424850466
1361 1361000 2049.2415869140623 0.3112389874458313
1362 1362000 2039.4110791015626 0.31153440475463867
1363 1363000 2040.952335205078 0.3116467523574829
1364 1364000 2055.579499511719 0.31137800216674805
1365 1365000 2049.8122143554688 0.31163788080215454
1366 1366000 2043.3655493164063 0.33214367389678956
1367 1367000 2066.7690673828124 0.327754909992218
1368 1368000 2045.4167321777343 0.31186968088150024
1369 1369000 2036.4560546875 0.3115897870063782
1370 1370000 2031.868397216797 0.3117790412902832
1371 1371000 2057.6436791992187 0.3122152328491211
1372 1372000 2038.190048828125 0.3117490029335022
1373 1373000 2042.70380859375 0.3116497254371643
1374 1374000 2043.8449304199219 0.31157140493392943
1375 1375000 2051.6681872558593 0.3129183483123779
1376 1376000 2049.446848144531 0.3115301251411438
1377 1377000 2056.5174340820313 0.3116077613830566
1378 1378000 2046.0978259277344 0.3115721416473389
1379 1379000 2055.94451171875 0.3282864284515381
1380 1380000 2052.354063720703 0.3117008590698242
1381 1381000 2041.2087268066407 0.31168079376220703
1382 1382000 2043.1060974121094 0.31151418447494506
1383 1383000 2061.842922363281 0.31164323568344116
1384 1384000 2042.3591711425781 0.3115152168273926
1385 1385000 2052.1986987304685 0.3118440055847168
1386 1386000 2053.9901123046875 0.31156755447387696
1387 1387000 2046.428203125 0.31157575368881224
1388 1388000 2051.8918798828126 0.3134456276893616
1389 1389000 2027.6689221191407 0.3121985101699829
1390 1390000 2050.4483142089844 0.3116724896430969
1391 1391000 2058.6573510742187 0.311839759349823
1392 1392000 2032.142322998047 0.3115185141563416
1393 1393000 2037.0700610351562 0.31174912214279177
1394 1394000 2056.049461669922 0.31176957607269284
1395 1395000 2047.9984655761718 0.31152108669281003
1396 1396000 2039.5575720214845 0.31169943571090697
1397 1397000 2022.717022705078 0.31161773920059205
1398 1398000 2032.4564038085937 0.3116912770271301
1399 1399000 2040.549912109375 0.3116843295097351
1400 1400000 2054.826962890625 0.31173818588256835
1401 1401000 2046.5515441894531 0.31171388626098634
1402 1402000 2060.7138549804686 0.31218103170394895
1403 1403000 2044.2445129394532 0.3117579698562622
1404 1404000 2065.1034301757813 0.3239005088806152
1405 1405000 2036.6284716796874 0.33262946605682375
1406 1406000 2039.5216955566407 0.3137225246429443
1407 1407000 2047.6558666992187 0.3113163781166077
1408 1408000 2056.5860314941406 0.31148634433746336
1409 1409000 2043.2298120117186 0.3114062762260437
1410 1410000 2049.6841027832033 0.31305952548980714
1411 1411000 2056.5374780273437 0.311621675491333
1412 1412000 2034.3223461914063 0.3113482666015625
1413 1413000 2049.8290356445314 0.3153085803985596
1414 1414000 2050.648497314453 0.3147571015357971
1415 1415000 2052.766385498047 0.31161975145339965
1416 1416000 2059.556387939453 0.3117383861541748
1417 1417000 2052.1187060546877 0.31160309791564944
1418 1418000 2043.6500671386718 0.311449191570282
1419 1419000 2045.7636669921876 0.31144798278808594
1420 1420000 2054.1231396484377 0.31153421878814697
1421 1421000 2054.34279296875 0.31135867357254027
1422 1422000 2064.7930517578125 0.3113575077056885
1423 1423000 2051.798236083984 0.3145695090293884
1424 1424000 2038.4753662109374 0.3117337727546692
1425 1425000 2056.2404968261717 0.31156545639038086
1426 1426000 2042.2529541015624 0.31143598556518554
1427 1427000 2041.2604772949219 0.31165329217910764
1428 1428000 2057.1181091308595 0.31139365434646604
1429 1429000 2054.0321948242185 0.3115651798248291
1430 1430000 2046.6044116210937 0.31152915716171264
1431 1431000 2047.4668627929686 0.311721556186676
1432 1432000 2047.5092358398438 0.31154278993606566
1433 1433000 2056.4365698242186 0.3115407395362854
1434 1434000 2050.0792541503906 0.3114429783821106
1435 1435000 2038.537880859375 0.31167025089263917
1436 1436000 2048.3923156738283 0.3115710663795471
1437 1437000 2028.2642419433594 0.3117893385887146
1438 1438000 2030.118868408203 0.31400508642196656
1439 1439000 2028.2929650878907 0.31308583498001097
1440 1440000 2045.2907165527345 0.31139512300491334
1441 1441000 2036.3010913085936 0.31190516948699953
1442 1442000 2028.590828857422 0.311693480014801
1443 1443000 2059.2723364257813 0.31143226146698
1444 1444000 2047.2801171875 0.3116240859031677
1445 1445000 2042.4794274902345 0.31205996990203855
1446 1446000 2035.2682580566407 0.3117475748062134
1447 1447000 2043.9203344726564 0.31166945219039915
1448 1448000 2030.6969201660156 0.31168184757232664
1449 1449000 2048.905383300781 0.31199557065963746
1450 1450000 2048.695817871094 0.3116552782058716
1451 1451000 2056.8252600097658 0.31156262636184695
1452 1452000 2060.476461181641 0.31149126291275026
1453 1453000 2048.4181640625 0.3114740324020386
1454 1454000 2042.1851391601563 0.31161960363388064
1455 1455000 2045.7211303710938 0.3116806983947754
1456 1456000 2054.945871582031 0.31181016206741335
1457 1457000 2052.8503479003907 0.31172072172164916
1458 1458000 2055.5260607910154 0.31276573657989504
1459 1459000 2050.539501953125 0.31164634227752686
1460 1460000 2048.1985510253908 0.31170296907424927
1461 1461000 2031.9036730957032 0.3117236661911011
1462 1462000 2049.7212426757815 0.31175646305084226
1463 1463000 2047.940908203125 0.31154890775680544
1464 1464000 2043.1852368164064 0.31236796617507934
1465 1465000 2036.9447192382813 0.3114493441581726
1466 1466000 2027.8846801757813 0.31155335903167725
1467 1467000 2053.3250903320313 0.311515212059021
1468 1468000 2046.7815307617188 0.31158296346664427
1469 1469000 2054.2544299316405 0.31152934074401856
1470 1470000 2055.9761547851563 0.3113596153259277
1471 1471000 2037.7806091308594 0.31157212257385253
1472 1472000 2035.3542895507812 0.31167821407318114
1473 1473000 2042.03103515625 0.3114661931991577
1474 1474000 2046.9347082519532 0.31139439821243287
1475 1475000 2047.1427587890626 0.3114957356452942
1476 1476000 2042.7198291015625 0.31192248106002807
1477 1477000 2042.3106469726563 0.31158674240112305
1478 1478000 2041.3287390136718 0.3116533875465393
1479 1479000 2042.0126696777343 0.3118586802482605
1480 1480000 2050.6891479492188 0.31200927734375
1481 1481000 2051.368933105469 0.31152701139450073
1482 1482000 2046.9961791992187 0.3117418432235718
1483 1483000 2040.041671142578 0.31186805009841917
1484 1484000 2037.7741955566407 0.3118973088264465
1485 1485000 2033.9119921875 0.3116218137741089
1486 1486000 2049.2763610839843 0.3117385411262512
1487 1487000 2050.779050292969 0.3115733289718628
1488 1488000 2040.5314721679688 0.3114837336540222
1489 1489000 2050.5200390625 0.31191444873809815
1490 1490000 2045.1981921386719 0.3117830228805542
1491 1491000 2045.7982336425782 0.3115880250930786
1492 1492000 2040.5233276367187 0.31175894975662233
1493 1493000 2040.6764013671875 0.312658326625824
1494 1494000 2039.5762036132812 0.311510009765625
1495 1495000 2040.3812341308594 0.31188627719879153
1496 1496000 2039.5426196289063 0.3117415452003479
1497 1497000 2031.7763842773438 0.3115665364265442
1498 1498000 2032.9224829101563 0.3117318916320801
1499 1499000 2040.245389404297 0.31181467533111573
1500 1500000 2033.9959875488282 0.31167403936386107
1501 1501000 2036.1038354492186 0.3115428519248962
1502 1502000 2037.8118859863282 0.3114409136772156
1503 1503000 2030.753917236328 0.3118047475814819
1504 1504000 2023.050379638672 0.31179080247879026
1505 1505000 2030.6812658691406 0.31171535968780517
1506 1506000 2078.357755126953 0.31290818214416505
1507 1507000 2040.3313232421874 0.3301512575149536
1508 1508000 2022.4588537597656 0.312023766040802
1509 1509000 2024.2838427734375 0.31174286603927615
1510 1510000 2036.4094177246093 0.31130332708358766
1511 1511000 2026.4208850097657 0.31214266538619995
1512 1512000 2047.2336987304689 0.31152591228485105
1513 1513000 2044.9059997558593 0.31182193517684936
1514 1514000 2041.6600158691406 0.3129378628730774
1515 1515000 2046.0970263671875 0.3123509407043457
1516 1516000 2049.900129394531 0.31159635066986086
1517 1517000 2022.6541052246093 0.31157920122146604
1518 1518000 2033.6303381347657 0.3115272116661072
1519 1519000 2034.3676403808595 0.3126622176170349
1520 1520000 2021.6828662109374 0.31155904531478884
1521 1521000 2038.319354248047 0.31183949470520017
1522 1522000 2030.4312927246094 0.311910502910614
1523 1523000 2018.7966638183593 0.311627721786499
1524 1524000 2021.8946228027344 0.3116898036003113
1525 1525000 2029.5681018066407 0.31166389226913455
1526 1526000 2021.0219763183593 0.3132891130447388
1527 1527000 2027.450841064453 0.3115740942955017
1528 1528000 2036.5019555664062 0.3132272124290466
1529 1529000 2029.2643103027344 0.3118021631240845
1530 1530000 2031.2945031738282 0.3118759703636169
1531 1531000 2018.8489270019531 0.31430150508880617
1532 1532000 2047.0923486328124 0.31185115337371827
1533 1533000 2045.8431872558594 0.3115538144111633
1534 1534000 2046.5136694335938 0.3117658042907715
1535 1535000 2027.0686572265624 0.31147069215774537
1536 1536000 2044.946280517578 0.31170053243637086
1537 1537000 2028.3605712890626 0.3116010642051697
1538 1538000 2032.4035595703126 0.31153005361557007
1539 1539000 2037.8459008789061 0.3140402412414551
1540 1540000 2043.590135498047 0.31169512748718264
1541 1541000 2029.9998706054687 0.3116635870933533
1542 1542000 2035.2786486816406 0.31193281888961794
1543 1543000 2024.5208459472656 0.3116604828834534
1544 1544000 2029.0804174804687 0.311601026058197
1545 1545000 2039.216749267578 0.31164126873016357
1546 1546000 2035.2495275878907 0.32159627199172974
1547 1547000 2037.650693359375 0.31127999544143675
1548 1548000 2039.262752685547 0.3111985063552856
1549 1549000 2052.7901867675782 0.3113942241668701
1550 1550000 2033.3299304199218 0.3123802208900452
1551 1551000 2032.605948486328 0.31134958028793336
1552 1552000 2037.5660400390625 0.3114192605018616
1553 1553000 2049.9414001464843 0.31156174421310423
1554 1554000 2031.7691333007813 0.31266037225723264
1555 1555000 2030.7192358398438 0.3113513398170471
1556 1556000 2019.9678149414062 0.3115012407302856
1557 1557000 2037.4732470703125 0.31162667512893677
1558 1558000 2026.1270666503906 0.31327425241470336
1559 1559000 2035.625595703125 0.3117751431465149
1560 1560000 2049.482938232422 0.31162587404251096
1561 1561000 2038.0832727050781 0.3112944030761719
1562 1562000 2039.9057055664061 0.3116131734848022
1563 1563000 2025.5303454589844 0.32089807987213137
1564 1564000 2043.893094482422 0.31174770832061766
1565 1565000 2037.7683557128905 0.3116102933883667
1566 1566000 2032.1891259765625 0.31157872438430784
1567 1567000 2029.0768139648437 0.31157140016555784
1568 1568000 2032.4273095703124 0.31150777578353883
1569 1569000 2027.2257348632813 0.31160792112350466
1570 1570000 2027.987314453125 0.3118322515487671
1571 1571000 2049.8453820800783 0.3117466402053833
1572 1572000 2032.9205407714844 0.3114857482910156
1573 1573000 2033.6726196289062 0.31162969589233397
1574 1574000 2036.207567138672 0.3117969799041748
1575 1575000 2020.7849560546874 0.3116505718231201
1576 1576000 2044.9018859863281 0.3116959261894226
1577 1577000 2037.5960961914063 0.3121671986579895
1578 1578000 2031.2106665039062 0.3117150592803955
1579 1579000 2031.1235144042969 0.3115262508392334
1580 1580000 2034.0850830078125 0.31180233001708985
1581 1581000 2040.837626953125 0.31272819995880125
1582 1582000 2029.3348278808594 0.3114297389984131
1583 1583000 2029.4145727539062 0.3116379189491272
1584 1584000 2033.3523010253907 0.3115749216079712
1585 1585000 2026.5256494140624 0.3117204523086548
1586 1586000 2033.3277868652344 0.3117687249183655
1587 1587000 2034.1138256835939 0.3116725420951843
1588 1588000 2039.567684326172 0.3116286873817444
1589 1589000 2026.352764892578 0.31233402967453006
1590 1590000 2042.6010949707031 0.3115854835510254
1591 1591000 2032.8277087402344 0.3115302228927612
1592 1592000 2043.7322265625 0.31152948617935183
1593 1593000 2031.0453881835938 0.3115344429016113
1594 1594000 2034.1243798828125 0.3118314456939697
1595 1595000 2040.6921826171874 0.3113930821418762
1596 1596000 2039.8711950683594 0.3116417932510376
1597 1597000 2022.5035522460937 0.3138680911064148
1598 1598000 2035.284541015625 0.3124752378463745
1599 1599000 2040.550771484375 0.3117007660865784
1600 1600000 2040.3150354003906 0.3115651559829712
1601 1601000 2027.393760986328 0.3112313985824585
1602 1602000 2035.3099450683594 0.31147180795669555
1603 1603000 2034.4649743652344 0.31178525686264036
1604 1604000 2040.97765625 0.31147762060165407
1605 1605000 2037.9705383300782 0.31160970449447634
1606 1606000 2025.2250122070313 0.31184763193130494
1607 1607000 2037.292518310547 0.31161572694778444
1608 1608000 2045.4072497558593 0.3117091178894043
1609 1609000 2050.393525390625 0.31185590267181396
1610 1610000 2039.590906982422 0.3116145062446594
1611 1611000 2028.0806091308593 0.31164429426193235
1612 1612000 2033.3271875 0.31388422966003415
1613 1613000 2027.4550988769531 0.3116668486595154
1614 1614000 2031.0975231933594 0.3116436266899109
1615 1615000 2037.6320935058593 0.31169734239578245
1616 1616000 2035.0921923828125 0.3120375394821167
1617 1617000 2036.8381652832031 0.3114381432533264
1618 1618000 2030.148828125 0.31123264074325563
1619 1619000 2035.0395947265624 0.31166900873184206
1620 1620000 2027.7539562988281 0.3119840669631958
1621 1621000 2027.1809411621093 0.31156386852264406
1622 1622000 2029.922449951172 0.31164872884750366
1623 1623000 2034.0337963867187 0.31177937030792235
1624 1624000 2037.4340283203126 0.31208900213241575
1625 1625000 2041.2054406738282 0.3116894030570984
1626 1626000 2030.937880859375 0.31157747983932493
1627 1627000 2023.3959631347657 0.3115955138206482
1628 1628000 2039.8486279296876 0.31146583557128904
1629 1629000 2025.0897277832032 0.31146404027938845
1630 1630000 2027.6702026367188 0.3113731408119202
1631 1631000 2034.4829931640625 0.3122502303123474
1632 1632000 2041.8989965820313 0.31129692792892455
1633 1633000 2041.7370202636719 0.3127058744430542
1634 1634000 2036.6522790527345 0.3117347240447998
1635 1635000 2031.2160217285157 0.31165683031082153
1636 1636000 2023.7612365722657 0.31157967805862424
1637 1637000 2027.9311401367188 0.31181539058685304
1638 1638000 2026.490361328125 0.31187967538833616
1639 1639000 2038.0855688476563 0.31166260957717895
1640 1640000 2022.1320007324218 0.3117883348464966
1641 1641000 2030.9761450195313 0.3115111970901489
1642 1642000 2016.0710229492188 0.31170531511306765
1643 1643000 2037.4383361816406 0.3115138578414917
1644 1644000 2014.2763330078126 0.3116300678253174
1645 1645000 2025.6235803222655 0.3114595293998718
1646 1646000 2019.2808984375 0.31590994596481325
1647 1647000 2027.8737585449219 0.32046888828277587
1648 1648000 2021.355870361328 0.3116788363456726
1649 1649000 2031.3333349609375 0.31175488710403443
1650 1650000 2028.4678442382813 0.31155149459838866
1651 1651000 2028.577393798828 0.3126393008232117
1652 1652000 2046.74396484375 0.31168519020080565
1653 1653000 2015.4298791503907 0.31168325662612917
1654 1654000 2033.933321533203 0.31161052227020264
1655 1655000 2038.5385961914062 0.31953015804290774
1656 1656000 2048.672935791016 0.3118841981887817
1657 1657000 2034.145311279297 0.31159746408462524
1658 1658000 2028.7332299804686 0.31185078620910645
1659 1659000 2020.1950390625 0.31257206439971924
1660 1660000 2029.6352307128907 0.3115829968452454
1661 1661000 2031.6764611816407 0.31182209968566893
1662 1662000 2032.1043200683594 0.3115419626235962
1663 1663000 2031.6016821289063 0.31158813238143923
1664 1664000 2027.8356384277345 0.31172956228256227
1665 1665000 2042.0048217773438 0.311625280380249
1666 1666000 2026.4063330078125 0.3117999291419983
1667 1667000 2027.8917700195314 0.3115428900718689
1668 1668000 2035.7229614257812 0.31344698429107665
1669 1669000 2031.6510961914062 0.3113792657852173
1670 1670000 2024.5712292480468 0.31153824329376223
1671 1671000 2018.0225146484374 0.3113485550880432
1672 1672000 2036.5164514160156 0.31166375637054444
1673 1673000 2041.7000854492187 0.3115373730659485
1674 1674000 2022.8696606445312 0.311402759552002
1675 1675000 2026.762713623047 0.3114405012130737
1676 1676000 2032.9187377929688 0.3115195345878601
1677 1677000 2021.3974768066407 0.31131274938583375
1678 1678000 2025.4895629882812 0.31144147634506225
1679 1679000 2015.19560546875 0.3114630270004273
1680 1680000 2017.3413354492188 0.31150094270706175
1681 1681000 2017.6067846679687 0.31400132179260254
1682 1682000 2022.4906066894532 0.3132468128204346
1683 1683000 2028.246669921875 0.3115877413749695
1684 1684000 2027.4576208496094 0.3114203667640686
1685 1685000 2029.6921618652343 0.3113851571083069
1686 1686000 2024.3425744628905 0.3295827007293701
1687 1687000 2029.0032446289063 0.31199935913085936
1688 1688000 2023.5958251953125 0.3119247078895569
1689 1689000 2026.055147705078 0.3119746375083923
1690 1690000 2023.0496325683594 0.31350069999694824
1691 1691000 2029.3154296875 0.311869740486145
1692 1692000 2032.4142077636718 0.3117480087280273
1693 1693000 2020.5887646484375 0.31175664663314817
1694 1694000 2024.4104272460938 0.3133256030082703
1695 1695000 2019.8222814941407 0.3117059779167175
1696 1696000 2032.4557739257812 0.31169991254806517
1697 1697000 2030.0026000976563 0.31186720848083493
1698 1698000 2030.0843701171875 0.33585243940353393
1699 1699000 2039.872294921875 0.3115082597732544
1700 1700000 2027.7732775878906 0.31130002975463866
1701 1701000 2024.6450061035157 0.31123894929885865
1702 1702000 2016.7531945800781 0.3114206314086914
1703 1703000 2024.6783984375 0.31277726650238036
1704 1704000 2023.068192138672 0.3111652088165283
1705 1705000 2040.4460766601562 0.3113121604919434
1706 1706000 2016.499549560547 0.31127070903778076
1707 1707000 2035.059794921875 0.31142931699752807
1708 1708000 2036.1598205566406 0.3113372707366943
1709 1709000 2025.7154125976563 0.31545989513397216
1710 1710000 2028.2442028808593 0.3112933111190796
1711 1711000 2028.5757922363282 0.31152419328689573
1712 1712000 2036.054180908203 0.3116952395439148
1713 1713000 2013.6234106445313 0.31156497955322265
1714 1714000 2025.8346130371094 0.31136121273040773
1715 1715000 2013.8375573730468 0.31135841846466067
1716 1716000 2026.3189526367187 0.31140220403671265
1717 1717000 2024.2064172363282 0.3121568012237549
1718 1718000 2038.8953247070312 0.31150624036788943
1719 1719000 2026.5304284667968 0.3114404082298279
1720 1720000 2012.0369641113282 0.31153704166412355
1721 1721000 2016.0759912109374 0.31181409597396853
1722 1722000 2023.7280236816407 0.3114204716682434
1723 1723000 2008.7048413085938 0.31142245054244994
1724 1724000 2004.6275012207032 0.31141478300094605
1725 1725000 2015.8539123535156 0.3150370454788208
1726 1726000 2006.695517578125 0.3114000272750854
1727 1727000 2001.2743493652345 0.3117202687263489
1728 1728000 2023.5340771484375 0.31167064428329466
1729 1729000 2019.0277758789061 0.31258899688720704
1730 1730000 2017.3347705078124 0.3114557409286499
1731 1731000 2018.5420520019532 0.3113782143592834
1732 1732000 2014.1534985351564 0.31172910928726194
1733 1733000 2014.1004858398437 0.3116948223114014
1734 1734000 2022.7827124023438 0.3117222356796265
1735 1735000 2017.4299450683593 0.31168441772460936
1736 1736000 2029.4348095703126 0.3117059135437012
1737 1737000 2027.7468981933594 0.31319474935531616
1738 1738000 2021.4312768554687 0.3487883687019348
1739 1739000 2017.287275390625 0.31175888776779176
1740 1740000 2023.5596484375 0.31168938398361207
1741 1741000 1996.992685546875 0.3117516827583313
1742 1742000 2010.5085949707031 0.31161148071289063
1743 1743000 2021.4448754882812 0.31157315969467164
1744 1744000 2022.1929077148438 0.33654149770736697
1745 1745000 2006.5116479492187 0.3114821457862854
1746 1746000 2007.8692944335937 0.31152225494384767
1747 1747000 2035.0969201660157 0.31158837795257566
1748 1748000 2018.7726928710938 0.31197916507720946
1749 1749000 2013.7368334960938 0.31139018774032595
1750 1750000 2010.9684338378906 0.31152073860168455
1751 1751000 2029.9033276367188 0.31176339149475096
1752 1752000 2023.001435546875 0.31195356130599977
1753 1753000 2013.6139672851561 0.31169091939926147
1754 1754000 2008.3768688964844 0.31141565084457395
1755 1755000 2022.4135876464843 0.31160798311233523
1756 1756000 2020.4069299316407 0.3145775318145752
1757 1757000 2024.0942517089843 0.3116651701927185
1758 1758000 2034.495146484375 0.3113252592086792
1759 1759000 2006.8470495605468 0.3113268995285034
1760 1760000 2016.4192431640624 0.31181252002716064
1761 1761000 2021.4753662109374 0.3114695286750793
1762 1762000 2019.7539953613282 0.31137977838516234
1763 1763000 2032.1061181640625 0.3113439154624939
1764 1764000 2026.8737866210938 0.3118074607849121
1765 1765000 2016.6369982910155 0.311552369594574
1766 1766000 2017.3548901367187 0.3115367341041565
1767 1767000 2012.3172497558594 0.3116284227371216
1768 1768000 2026.5291760253906 0.3114925980567932
1769 1769000 2019.0034643554689 0.31155191898345946
1770 1770000 2035.4734436035155 0.31151062965393067
1771 1771000 2013.7103393554687 0.31151671886444093
1772 1772000 2017.3644006347656 0.31153762340545654
1773 1773000 2019.4558142089843 0.31249561548233035
1774 1774000 2022.8307934570312 0.3114031338691711
1775 1775000 2024.7878820800781 0.31143176078796386
1776 1776000 2015.8905407714844 0.3116267132759094
1777 1777000 2018.7004333496093 0.31156697750091555
1778 1778000 2028.2773315429688 0.3116828465461731
1779 1779000 2001.4306372070312 0.3116286253929138
1780 1780000 2020.6304943847656 0.31134526014328
1781 1781000 2011.494197998047 0.31153800010681154
1782 1782000 2035.1501220703126 0.3116734790802002
1783 1783000 2009.1644360351563 0.31164145946502686
1784 1784000 2022.2753979492188 0.3116540670394897
1785 1785000 2021.1907104492188 0.3116329264640808
1786 1786000 2029.0907873535157 0.31192582845687866
1787 1787000 2005.1190307617187 0.33849629640579226
1788 1788000 2038.672568359375 0.31156550884246825
1789 1789000 2037.9534655761718 0.3115219259262085
1790 1790000 2022.8777673339844 0.3116269588470459
1791 1791000 2014.8235986328125 0.3251563334465027
1792 1792000 2022.8730895996093 0.3114332222938538
1793 1793000 2027.7492846679688 0.3115779685974121
1794 1794000 2025.8046313476561 0.311684148311615
1795 1795000 2011.3330493164062 0.3119176292419434
1796 1796000 2028.8683337402344 0.3115245819091797
1797 1797000 2022.88953125 0.3115051603317261
1798 1798000 2027.9304357910157 0.31144819021224973
1799 1799000 2008.4366564941406 0.3399743962287903
1800 1800000 2017.7583178710938 0.31143808364868164
1801 1801000 2026.6414318847656 0.31137346029281615
1802 1802000 2019.1272680664063 0.31140862226486205
1803 1803000 2007.665047607422 0.31152098178863524
1804 1804000 2013.4036865234375 0.3114937949180603
1805 1805000 2027.240233154297 0.3113610434532166
1806 1806000 2028.047645263672 0.3115450572967529
1807 1807000 2018.4882958984374 0.31158306121826174
1808 1808000 2016.9960546875 0.3124059748649597
1809 1809000 2035.9336486816405 0.31146203756332397
1810 1810000 2015.3628100585938 0.3233662271499634
1811 1811000 2022.3946606445313 0.37593396663665773
1812 1812000 2022.1742578125 0.31156282663345336
1813 1813000 2020.9230114746094 0.31154165267944334
1814 1814000 2016.426072998047 0.3114016342163086
1815 1815000 2030.914718017578 0.31146290063858034
1816 1816000 2014.3483850097657 0.31150136709213255
1817 1817000 2010.7907666015626 0.31133129835128787
1818 1818000 2002.9981127929686 0.3112931275367737
1819 1819000 2019.211513671875 0.31128395318984986
1820 1820000 2019.5802868652345 0.31152202606201174
1821 1821000 2018.9243701171874 0.31157286643981935
1822 1822000 2006.1998071289063 0.31182930946350096
1823 1823000 2012.777958984375 0.31148345947265627
1824 1824000 2010.8677917480468 0.31154360055923463
1825 1825000 2005.4803735351563 0.3113910984992981
1826 1826000 2016.2251000976562 0.3118143963813782
1827 1827000 2014.6434753417968 0.3114017128944397
1828 1828000 2004.3980883789063 0.31151787281036375
1829 1829000 2012.7414685058593 0.31143300771713256
1830 1830000 2012.9938256835937 0.3116619873046875
1831 1831000 2001.0848229980468 0.3115279364585877
1832 1832000 2005.607265625 0.3113767194747925
1833 1833000 2019.5392517089845 0.31147314548492433
1834 1834000 2033.2513232421875 0.3118062448501587
1835 1835000 2010.7644104003907 0.31362415552139283
1836 1836000 2003.9040222167969 0.3114044237136841
1837 1837000 2003.3317736816407 0.3116217279434204
1838 1838000 2021.0972619628906 0.3115843629837036
1839 1839000 2023.8509008789063 0.31149882555007935
1840 1840000 2003.7489685058595 0.31153011322021484
1841 1841000 2008.676680908203 0.3113869118690491
1842 1842000 2014.5325622558594 0.31154385566711423
1843 1843000 2005.26248046875 0.3126772260665894
1844 1844000 2014.8389392089844 0.3115837144851685
1845 1845000 2010.2956958007812 0.31150794982910157
1846 1846000 2014.9258203125 0.31153043508529665
1847 1847000 2017.3777734375 0.31279255628585817
1848 1848000 2024.100587158203 0.31152629137039184
1849 1849000 2012.7843054199218 0.31163634300231935
1850 1850000 2026.0946813964845 0.31140224933624266
1851 1851000 2021.1431457519532 0.311353816986084
1852 1852000 2014.1991149902344 0.311356840133667
1853 1853000 2023.9930908203125 0.3112271499633789
1854 1854000 2021.7841870117188 0.31140011072158813
1855 1855000 2010.9121643066405 0.3114616918563843
1856 1856000 2027.0816247558594 0.31155810832977293
1857 1857000 2030.6941125488281 0.3118725109100342
1858 1858000 2021.3191430664062 0.3114685797691345
1859 1859000 2025.701201171875 0.3114068841934204
1860 1860000 2026.4728686523438 0.31157564878463745
1861 1861000 2040.9930993652345 0.3119188618659973
1862 1862000 2016.0332775878906 0.31154814004898074
1863 1863000 2014.9715234375 0.3117528033256531
1864 1864000 2007.3702258300782 0.31152632236480715
1865 1865000 2027.676785888672 0.31183920621871947
1866 1866000 2020.216943359375 0.311447536945343
1867 1867000 2000.0509997558593 0.3115711331367493
1868 1868000 2010.675849609375 0.3116523432731628
1869 1869000 1997.7278076171874 0.31189924240112304
1870 1870000 2031.6260974121094 0.31159754991531374
1871 1871000 2019.924677734375 0.31165963411331177
1872 1872000 2003.08248046875 0.311530020236969
1873 1873000 2030.932918701172 0.311489474773407
1874 1874000 2032.8404248046875 0.31171589374542236
1875 1875000 1987.9848571777343 0.3115500330924988
1876 1876000 2022.0284936523437 0.31174195766448975
1877 1877000 2027.4800317382812 0.31154881238937376
1878 1878000 2015.8262866210937 0.3127435636520386
1879 1879000 2018.9461877441406 0.311605851650238
1880 1880000 2017.3130224609374 0.31171306848526004
1881 1881000 2013.7449584960937 0.31149410009384154
1882 1882000 2008.2049157714844 0.31179922580718994
1883 1883000 2004.5382775878907 0.31164069652557375
1884 1884000 1995.3974353027343 0.31171239852905275
1885 1885000 2017.3215869140624 0.31146548509597777
1886 1886000 2000.4055334472657 0.31179907083511355
1887 1887000 2017.8376818847655 0.311661479473114
1888 1888000 2026.944581298828 0.31151957988739015
1889 1889000 2013.0301525878906 0.31150184631347655
1890 1890000 2022.479754638672 0.3114446449279785
1891 1891000 1999.569912109375 0.31130748748779297
1892 1892000 1995.0475231933594 0.3149166703224182
1893 1893000 2019.1902490234374 0.31131515264511106
1894 1894000 1998.1263024902344 0.31154422044754027
1895 1895000 2006.3805358886718 0.31145214796066284
1896 1896000 2020.1419653320313 0.3120144557952881
1897 1897000 2005.5826586914063 0.31136399030685424
1898 1898000 2020.2215209960937 0.3114026427268982
1899 1899000 2012.7848010253906 0.3113482713699341
1900 1900000 2025.9880615234374 0.31202582359313963
1901 1901000 2008.1378967285157 0.3115444803237915
1902 1902000 2012.443876953125 0.3116323924064636
1903 1903000 2023.5848254394532 0.3118221187591553
1904 1904000 2021.2361145019531 0.31200469732284547
1905 1905000 2018.5060876464843 0.3116277575492859
1906 1906000 2013.7602954101562 0.3117338442802429
1907 1907000 2022.4740991210938 0.31183456897735595
1908 1908000 2009.6366552734376 0.31174865961074827
1909 1909000 2024.256875 0.31172847509384155
1910 1910000 2012.9994604492188 0.31170934200286865
1911 1911000 2017.4725146484375 0.3116941976547241
1912 1912000 2013.4102258300782 0.3118463897705078
1913 1913000 2023.549599609375 0.3140677285194397
1914 1914000 2008.4142932128907 0.3114658069610596
1915 1915000 2012.3374340820312 0.31132423877716064
1916 1916000 2006.5138647460938 0.3114886140823364
1917 1917000 2029.1651599121094 0.3115569043159485
1918 1918000 2006.0092749023438 0.3115381693840027
1919 1919000 1999.2797814941407 0.31149479627609256
1920 1920000 2005.900389404297 0.31155487060546877
1921 1921000 2025.449451904297 0.3115950107574463
